 3 0.15 0.13 0 1.03 1.09 0.91 -2 -2 160	
 1 0.18 0.10 0 1.05 1.07 1.02 -1  3  4	
 2 0.18 0.14 0 1.05 1.07 1.09  0  3 267	
 0 0.10 0.13 0 1.06 0.94 0.91  3  3 102	
 2 0.17 0.11 0 1.07 1.03 0.98  2  0 119	
 1 0.15 0.09 0 0.95 1.09 1.03  0 -2 85	
 2 0.12 0.15 0 1.07 0.97 0.94  2 -1 61	
 3 0.20 0.14 0 0.98 0.94 0.93  3  3 56	
 2 0.14 0.11 0 0.91 0.99 0.97 -1  0 30	
 2 0.15 0.15 0 0.98 0.93 0.92  3 -1 154	
 1 0.14 0.17 0 1.10 0.99 1.07 -1  2 226	
 2 0.11 0.10 0 0.99 0.96 1.07  0 -3  2	
 1 0.13 0.13 0 0.93 0.97 1.01  1 -1 232	
 0 0.14 0.08 0 0.93 1.08 1.03  3  1 53	
 1 0.12 0.09 0 0.97 0.99 0.91 -2  3 43	
 3 0.15 0.38 0 0.91 1.08 0.97 -1 -1 89	
 2 0.11 0.39 0 0.98 0.92 1.00  1  3 34	
 1 0.16 0.36 0 1.03 1.03 1.08 -0  2 238	
 2 0.16 0.34 0 1.08 1.07 1.00  2 -1 154	
 1 0.13 0.35 0 0.95 1.07 0.91  1  3 60	
 1 0.16 0.39 0 0.95 0.98 0.98 -1  0 223	
 2 0.14 0.40 0 1.07 1.00 0.96 -2 -2 220	
 1 0.19 0.35 0 1.01 1.01 1.06 -2 -3 81	
 0 0.18 0.37 0 0.97 0.96 1.05  1 -2 231	
 1 0.12 0.37 0 0.90 0.93 0.94 -3  2 87	
 0 0.17 0.42 0 1.06 1.03 1.02 -2  2 100	
 1 0.15 0.42 0 0.97 0.94 1.04 -1  1 84	
 1 0.18 0.39 0 1.09 1.05 0.98  1 -3 128	
 3 0.20 0.38 0 1.06 1.01 0.92  1  1 213	
 1 0.13 0.33 0 1.05 1.06 1.06  2 -1 167	
 2 0.15 0.63 0 0.97 1.02 0.97  2 -2 240	
 0 0.16 0.60 0 0.96 1.02 0.93 -2 -1 36	
 2 0.19 0.62 0 0.92 1.04 0.93 -3 -3 279	
 0 0.12 0.63 0 0.93 0.90 0.94 -2  1 52	
 2 0.16 0.66 0 0.98 1.10 0.99 -3 -3 111	
 0 0.12 0.61 0 0.99 0.96 0.98 -2  2 267	
 0 0.17 0.63 0 0.90 0.95 1.02 -0  2 255	
 0 0.18 0.59 0 1.04 1.04 1.06  3 -1 159	
 1 0.16 0.65 0 0.96 0.91 1.06  3 -3 288	
 1 0.19 0.65 0 0.94 0.98 0.95  2  2 301	
 1 0.14 0.58 0 0.97 1.01 0.92 -3 -1 87	
 2 0.14 0.67 0 0.96 1.06 1.08 -2 -0 147	
 0 0.17 0.65 0 1.02 0.92 0.91  2 -1 259	
 2 0.12 0.65 0 1.05 1.02 1.05 -3 -3 344	
 0 0.11 0.64 0 1.06 1.03 0.98 -1  2 178	
 2 0.15 0.88 0 0.96 0.98 1.02  1 -0 20	
 0 0.15 0.84 0 0.97 0.91 1.08 -1 -2 357	
 2 0.14 0.86 0 0.94 0.94 1.00 -1  3 196	
 3 0.11 0.88 0 1.06 0.97 0.90 -2  3 100	
 3 0.12 0.90 0 0.94 0.93 1.00 -1 -1 34	
 2 0.16 0.90 0 1.10 0.99 1.04  0 -3 132	
 0 0.14 0.90 0 0.91 1.01 0.97 -3 -2 324	
 1 0.17 0.92 0 0.98 0.94 0.95 -2  2 246	
 1 0.17 0.87 0 1.02 0.94 0.93  2  3 281	
 2 0.13 0.88 0 0.95 0.98 0.98  1  2 270	
 2 0.18 0.90 0 0.96 0.94 0.98  3 -2 191	
 1 0.11 0.86 0 1.03 0.94 0.99 -1 -2 322	
 2 0.17 0.84 0 1.05 0.98 1.01 -3 -0 97	
 0 0.19 0.87 0 0.97 0.91 0.98  1  1 209	
 1 0.13 0.83 0 1.06 1.01 0.90  1  0 351	
 1 0.15 1.13 0 0.99 1.08 0.96  0 -1 79	
 2 0.16 1.08 0 0.95 0.90 0.96 -1 -1 180	
 2 0.12 1.12 0 1.07 1.01 0.90 -1  2 49	
 3 0.13 1.11 0 1.04 1.09 0.90  0  1 251	
 2 0.17 1.14 0 1.05 0.96 1.02  2 -3 186	
 1 0.19 1.12 0 0.98 1.08 1.04  2  1 283	
 2 0.13 1.14 0 1.07 0.95 1.06  2 -3 34	
 2 0.14 1.09 0 0.94 0.91 0.93  1  1 322	
 1 0.15 1.16 0 0.99 0.92 1.00  1 -2 79	
 1 0.15 1.10 0 0.96 1.06 1.10 -3 -2 269	
 1 0.17 1.11 0 1.03 1.01 0.94  3  0 84	
 1 0.19 1.10 0 0.92 1.05 1.06  3 -1 54	
 2 0.13 1.16 0 0.97 1.07 0.93  1 -3 69	
 1 0.19 1.15 0 1.08 1.07 1.03  1 -2 143	
 2 0.11 1.15 0 1.01 1.00 0.95  2 -2 23	
 1 0.15 1.38 0 1.09 0.99 1.07  2  2  6	
 2 0.16 1.34 0 1.08 1.08 0.96  0 -0  9	
 2 0.14 1.35 0 1.07 1.03 1.08 -2 -3 114	
 1 0.19 1.39 0 1.02 1.05 1.07  2 -2 347	
 1 0.18 1.35 0 0.99 0.93 1.03 -1 -0 60	
 1 0.14 1.33 0 0.91 0.91 0.91  2 -0 63	
 2 0.11 1.39 0 1.03 1.09 1.00  0  0 110	
 2 0.13 1.37 0 1.08 0.94 1.02  0  2 206	
 2 0.13 1.39 0 0.90 0.95 1.08 -0  1 73	
 1 0.17 1.40 0 0.90 1.09 1.07  2  0 25	
 1 0.14 1.42 0 0.93 0.94 1.07 -0  3 286	
 2 0.11 1.36 0 0.91 1.04 0.92 -1  1 58	
 1 0.17 1.37 0 1.09 1.00 0.91  3  1 97	
 2 0.12 1.35 0 1.01 0.92 1.08  1 -0 53	
 3 0.16 1.42 0 0.97 1.03 0.99  2 -3 230	
 3 0.15 1.63 0 1.00 1.01 1.10 -0 -3 310	
 2 0.13 1.64 0 0.93 0.90 0.93 -1 -2 312	
 0 0.11 1.65 0 0.99 1.03 0.96 -2  2 255	
 1 0.15 1.58 0 1.04 0.95 0.95  1 -2 68	
 2 0.13 1.60 0 1.05 1.00 1.02 -0 -2 128	
 3 0.16 1.65 0 0.96 1.08 0.92 -1 -1 51	
 2 0.16 1.61 0 0.91 0.99 0.94  1 -1 183	
 1 0.19 1.60 0 0.96 0.96 1.01  3  1 42	
 1 0.19 1.63 0 1.05 0.97 1.09  2 -0 285	
 3 0.13 1.62 0 0.97 0.91 1.07  2 -3 272	
 2 0.15 1.60 0 0.91 0.99 1.04 -2  0 330	
 1 0.17 1.67 0 0.94 1.07 1.05 -1  2 165	
 1 0.11 1.62 0 1.03 1.08 0.92  1 -2 301	
 3 0.17 1.63 0 1.01 1.03 0.95  1 -3 33	
 1 0.19 1.66 0 1.02 1.09 1.03  1 -3 232	
 2 0.15 1.88 0 1.10 1.04 0.98 -1 -0  9	
 0 0.12 1.87 0 0.96 1.00 0.93  1  0 183	
 1 0.19 1.88 0 1.03 1.05 0.94 -1  1 291	
 1 0.18 1.91 0 1.00 0.94 1.07  1  2 152	
 2 0.15 1.90 0 0.92 1.03 1.05  0 -2 131	
 1 0.14 1.86 0 1.01 0.92 1.00  1 -2 345	
 1 0.13 1.89 0 1.03 1.00 1.06 -2 -1 47	
 3 0.16 1.86 0 1.08 1.10 0.96  0 -3 89	
 2 0.16 1.83 0 1.06 1.02 0.98  3  1 235	
 1 0.11 1.89 0 0.90 1.09 0.96 -2 -3 55	
 1 0.14 1.83 0 0.97 1.06 0.99  3 -3 143	
 2 0.10 1.86 0 1.02 1.09 1.06 -3 -3 191	
 2 0.19 1.85 0 1.00 1.03 0.95  2 -1 188	
 3 0.12 1.91 0 1.00 1.02 0.90  3 -2 149	
 1 0.12 1.85 0 0.95 0.92 0.94  2  1 78	
 1 0.45 0.13 0 0.98 1.09 0.97 -0  0 302	
 1 0.46 0.17 0 1.00 0.90 0.94 -2  1 332	
 3 0.43 0.09 0 1.04 0.92 1.06  2  1 285	
 0 0.43 0.11 0 1.09 1.02 1.03 -2  0 207	
 1 0.48 0.15 0 1.10 1.00 0.92 -0  1 169	
 1 0.47 0.09 0 1.07 1.01 0.91  2 -1 114	
 1 0.45 0.09 0 0.94 0.94 1.00 -2  1 156	
 1 0.43 0.13 0 0.95 1.05 0.93 -3 -1 128	
 2 0.41 0.10 0 0.91 1.05 1.04  2 -1 123	
 2 0.44 0.17 0 1.07 1.01 1.07  3 -3 247	
 3 0.41 0.14 0 0.97 1.00 0.99 -3  2 243	
 2 0.46 0.11 0 0.95 1.08 1.01 -2  2 17	
 0 0.49 0.12 0 0.94 1.06 0.97 -2  2 15	
 2 0.47 0.12 0 1.08 1.04 1.01 -3  2 131	
 0 0.46 0.15 0 0.96 0.93 1.10  2 -2 33	
 2 0.45 0.38 0 1.08 0.96 0.94 -1  2 250	
 2 0.46 0.39 0 1.02 0.99 0.93 -3  1 195	
 2 0.42 0.40 0 1.08 0.91 1.00  2  3 52	
 2 0.50 0.38 0 1.01 0.97 1.01  1  1 294	
 3 0.42 0.35 0 0.91 1.08 0.92 -3  1 300	
 0 0.48 0.40 0 1.02 1.04 0.91  2  0  6	
 2 0.47 0.35 0 1.02 1.07 0.99 -2 -2 257	
 2 0.44 0.35 0 0.96 0.96 1.04  3 -1 249	
 2 0.48 0.37 0 1.09 1.10 0.99  2 -3 133	
 2 0.44 0.41 0 1.05 1.10 0.94 -0 -1 164	
 1 0.43 0.38 0 1.06 0.94 0.97 -1  1 59	
 2 0.41 0.36 0 0.95 1.01 0.91 -0 -1 26	
 1 0.44 0.33 0 0.96 0.99 1.01  1 -0 232	
 0 0.47 0.42 0 0.92 0.94 1.04 -2 -2 82	
 2 0.47 0.33 0 1.04 0.98 0.95  0  0 339	
 0 0.45 0.63 0 1.08 1.03 1.09  3  2 274	
 1 0.44 0.67 0 0.97 1.07 1.10  0 -1 32	
 1 0.47 0.61 0 0.98 0.92 1.02 -3 -1 360	
 2 0.44 0.61 0 0.95 1.05 0.97 -2 -1 337	
 1 0.42 0.63 0 0.96 0.99 1.00 -1 -0 72	
 3 0.45 0.65 0 1.04 1.07 1.00  3  2 104	
 0 0.45 0.67 0 1.10 0.96 1.09 -3  3 242	
 3 0.44 0.58 0 0.97 0.92 1.03 -2 -3 316	
 2 0.49 0.61 0 1.08 0.94 0.95 -1  3 317	
 1 0.42 0.59 0 1.06 1.03 0.94 -3 -2 214	
 0 0.49 0.65 0 1.07 0.91 1.07 -1 -2 203	
 2 0.50 0.63 0 0.94 1.10 1.00 -2  2 20	
 2 0.46 0.59 0 1.00 0.99 0.93  0 -1 136	
 1 0.41 0.62 0 1.07 1.01 1.09 -2  1 218	
 2 0.47 0.63 0 0.91 1.02 1.08 -1  3 219	
 2 0.45 0.88 0 0.99 1.01 1.05  0  0 287	
 3 0.44 0.90 0 1.02 1.01 1.09  0 -2 97	
 2 0.40 0.86 0 1.04 0.93 1.09 -1  2 201	
 3 0.41 0.90 0 1.01 1.00 1.03 -0 -3 39	
 2 0.46 0.85 0 1.09 1.05 1.09 -2  1 88	
 2 0.45 0.83 0 0.96 0.99 1.03  2  0 161	
 2 0.48 0.87 0 0.93 0.96 0.92  2 -1 237	
 3 0.43 0.87 0 1.03 1.00 1.01  2  1 298	
 1 0.48 0.90 0 0.90 0.95 1.01  3  1 307	
 1 0.47 0.84 0 0.92 0.99 1.04 -2 -0 63	
 1 0.47 0.89 0 1.08 1.01 0.95  2  3 273	
 3 0.46 0.92 0 0.92 1.07 0.93 -2 -3 61	
 2 0.49 0.85 0 1.06 0.92 0.93  2  1 71	
 2 0.44 0.92 0 1.02 1.04 1.04  1 -1 96	
 1 0.42 0.84 0 1.01 0.94 1.05  3 -2 218	
 0 0.45 1.13 0 0.91 0.99 0.91 -1 -2 314	
 1 0.46 1.08 0 1.00 0.90 0.94  3  1 236	
 2 0.42 1.13 0 1.02 1.08 1.08  2 -3 112	
 3 0.48 1.09 0 0.99 1.02 0.90 -2  3 163	
 2 0.48 1.14 0 0.90 1.09 1.04  1 -1 43	
 1 0.46 1.11 0 1.01 0.91 1.04 -1  2 237	
 3 0.42 1.15 0 0.90 1.09 1.04  3 -0 133	
 2 0.43 1.10 0 1.01 1.00 0.96  2  2 40	
 2 0.49 1.12 0 1.02 1.05 0.93 -2 -1 242	
 3 0.45 1.14 0 1.04 0.97 1.01 -0  2 108	
 2 0.48 1.16 0 1.01 0.95 1.08  2 -2  7	
 2 0.40 1.12 0 0.96 0.90 0.96  3 -0 251	
 3 0.46 1.17 0 1.02 1.03 0.91  1 -2 81	
 0 0.44 1.08 0 1.03 1.00 1.09 -2  2 226	
 2 0.44 1.17 0 0.91 1.05 0.91 -3  1 143	
 2 0.45 1.38 0 0.95 0.95 1.05  1  0 191	
 0 0.43 1.39 0 1.09 1.06 1.05  3 -2 136	
 0 0.48 1.36 0 1.08 1.08 1.05  2  0 130	
 1 0.46 1.40 0 0.93 0.96 0.97 -1 -0 237	
 0 0.47 1.38 0 0.98 1.04 1.08 -2 -2 200	
 1 0.41 1.39 0 0.98 0.93 1.03  1 -0 294	
 3 0.42 1.36 0 1.10 0.91 0.94 -3 -2 352	
 2 0.42 1.41 0 1.00 1.06 1.04 -0  0 167	
 3 0.44 1.41 0 1.10 1.04 0.94  0 -2 225	
 0 0.47 1.42 0 1.03 0.91 1.08  2 -2 268	
 2 0.40 1.36 0 0.94 1.09 0.91 -2 -2 110	
 0 0.49 1.38 0 1.03 0.94 1.03 -0  1 146	
 2 0.49 1.35 0 1.04 0.98 1.03 -1  2 316	
 1 0.48 1.40 0 0.95 0.95 1.05 -3 -1 158	
 2 0.46 1.34 0 1.02 0.95 0.98  2  2 13	
 2 0.45 1.63 0 0.99 1.07 1.04  2 -1 176	
 1 0.49 1.62 0 0.92 0.91 0.91 -2  3 204	
 2 0.40 1.63 0 1.02 0.94 0.95 -1  0 305	
 0 0.47 1.59 0 0.99 1.10 0.98  1 -1 188	
 2 0.44 1.65 0 0.96 1.00 1.03 -3 -1 199	
 3 0.45 1.60 0 0.98 1.01 1.10  2  1 49	
 2 0.43 1.62 0 0.99 0.98 1.04  3  2 153	
 1 0.46 1.66 0 0.91 1.01 1.09 -2 -2 86	
 0 0.49 1.59 0 1.05 0.97 0.96  2 -2 251	
 2 0.47 1.62 0 0.94 0.93 0.98  2 -1 79	
 0 0.42 1.65 0 0.94 0.94 1.02 -3 -0  1	
 1 0.43 1.67 0 1.10 0.93 1.07 -2  0 198	
 1 0.43 1.59 0 1.10 1.04 0.94  2  0  7	
 2 0.49 1.64 0 0.98 0.92 1.02  1 -2 200	
 1 0.47 1.64 0 0.96 0.96 1.03  1 -2 311	
 2 0.45 1.88 0 0.90 1.01 1.09  0 -0 117	
 0 0.42 1.87 0 0.92 0.99 0.99 -0 -1 289	
 1 0.45 1.91 0 0.93 0.98 0.99  1  1 192	
 3 0.43 1.84 0 1.01 1.01 1.07  3  3 111	
 1 0.45 1.86 0 0.99 1.03 0.93  2  0  1	
 0 0.43 1.92 0 0.98 0.99 0.97  0 -1 19	
 0 0.49 1.87 0 1.05 1.03 0.97  2  1 71	
 2 0.49 1.90 0 1.07 1.10 0.98 -3 -0 166	
 3 0.45 1.84 0 1.03 1.03 0.98 -2  3 245	
 2 0.44 1.90 0 0.91 0.93 1.05 -3  1 263	
 1 0.41 1.90 0 1.09 0.98 0.93 -0 -1 104	
 1 0.40 1.88 0 1.05 0.93 0.99  0 -3 197	
 2 0.47 1.89 0 0.93 1.04 1.07  1 -2 179	
 3 0.49 1.85 0 0.93 1.05 0.97  0 -3 128	
 3 0.47 1.84 0 0.97 0.92 0.95 -1  0 147	
 2 0.75 0.13 0 1.03 1.01 0.96 -2  2 227	
 2 0.74 0.09 0 0.99 1.03 0.95 -2  2 113	
 1 0.76 0.08 0 1.07 1.08 1.07 -1  1 350	
 3 0.77 0.12 0 1.07 1.06 0.99  2 -1 341	
 2 0.73 0.12 0 0.99 1.02 1.10  2  3  9	
 1 0.79 0.14 0 0.96 0.97 1.01  2  3 124	
 2 0.73 0.14 0 0.94 0.93 0.91 -1  2 241	
 0 0.76 0.17 0 0.93 1.00 1.06  1  1 135	
 1 0.70 0.13 0 0.97 0.93 1.01  2  3 286	
 1 0.77 0.15 0 1.05 0.92 0.99 -2 -2 276	
 1 0.77 0.10 0 0.97 0.92 1.03  0  2 328	
 1 0.72 0.10 0 0.94 0.91 1.06 -2  2 142	
 2 0.74 0.16 0 0.94 0.91 0.93  2 -0 307	
 0 0.75 0.11 0 1.06 0.93 1.04 -1  1 278	
 2 0.72 0.16 0 1.09 0.96 1.02 -3 -1 294	
 1 0.75 0.38 0 1.08 1.04 0.91 -2 -1 360	
 0 0.76 0.36 0 1.01 1.09 1.09 -0  1 145	
 3 0.73 0.37 0 1.07 1.05 0.93  3  2 235	
 1 0.78 0.37 0 0.96 0.98 1.10 -3  0 33	
 0 0.77 0.41 0 1.07 1.04 1.02  2  3 92	
 1 0.74 0.33 0 0.94 0.97 1.09 -2  0 20	
 2 0.74 0.40 0 1.06 0.90 0.94  2 -1 136	
 1 0.71 0.37 0 1.04 0.93 0.97 -3  1 315	
 3 0.80 0.39 0 0.96 1.03 0.96  2  1 250	
 2 0.77 0.39 0 1.06 0.98 0.93  3  2 297	
 2 0.71 0.35 0 1.06 1.09 0.99 -2  2 11	
 1 0.75 0.34 0 1.10 0.93 1.06 -3  0 71	
 0 0.78 0.35 0 1.07 0.91 1.08 -1 -0 36	
 0 0.72 0.40 0 1.05 0.97 1.03 -1 -0 126	
 2 0.76 0.42 0 0.92 0.91 0.99  2  1 175	
 0 0.75 0.63 0 0.98 0.95 1.09 -2  2  1	
 2 0.72 0.59 0 1.00 1.10 1.03 -1 -0 96	
 0 0.76 0.59 0 1.02 1.05 1.04  2 -2 152	
 1 0.73 0.64 0 1.05 0.92 0.95 -3  1 111	
 1 0.78 0.63 0 0.96 1.08 1.03 -0  1 111	
 2 0.72 0.61 0 0.90 0.98 1.03 -2  1 13	
 2 0.78 0.61 0 0.94 0.98 1.08 -3 -0 63	
 2 0.79 0.65 0 0.96 0.98 1.09 -3  1 102	
 0 0.71 0.62 0 0.97 1.04 1.03  2  2 336	
 1 0.76 0.65 0 0.91 1.04 0.96  2 -2 115	
 0 0.75 0.67 0 1.02 0.90 1.07 -3 -1 41	
 1 0.72 0.67 0 1.07 1.03 1.09 -3 -0 58	
 3 0.76 0.61 0 1.03 0.93 0.96 -1 -1 281	
 1 0.80 0.62 0 1.09 1.07 1.02 -1 -2 253	
 2 0.74 0.58 0 0.96 1.02 0.92  2 -1 225	
 0 0.75 0.88 0 1.09 0.91 0.95  2  2 233	
 3 0.78 0.86 0 0.93 1.05 1.03 -1 -1 59	
 2 0.73 0.86 0 0.93 0.98 0.99 -1 -2 344	
 2 0.71 0.88 0 1.02 1.07 0.98  1  2 351	
 1 0.73 0.91 0 0.91 1.08 1.02  2  2 327	
 0 0.73 0.89 0 1.04 0.93 0.92  2  0 358	
 0 0.73 0.83 0 0.91 1.02 1.05  1  0 278	
 2 0.78 0.90 0 0.91 0.95 0.94 -2  0 207	
 0 0.76 0.85 0 1.06 1.07 0.99  0  1 330	
 2 0.77 0.88 0 1.02 1.03 0.99 -1 -3 61	
 0 0.80 0.87 0 1.03 1.06 0.96  2 -0 322	
 2 0.79 0.85 0 1.02 1.08 0.99  0  2 192	
 2 0.76 0.83 0 1.04 0.91 0.97 -2  3 151	
 1 0.75 0.89 0 0.97 1.06 0.94  2 -3 20	
 2 0.75 0.92 0 1.08 1.08 1.02 -1  1 299	
 3 0.75 1.13 0 1.08 0.97 1.06  2  2 124	
 2 0.73 1.14 0 1.02 0.95 0.96 -1 -2 266	
 1 0.79 1.15 0 0.95 1.00 1.01  2  1 109	
 2 0.71 1.11 0 1.00 0.92 0.93 -3 -2 184	
 2 0.76 1.14 0 1.02 1.09 1.01 -1  1 281	
 1 0.78 1.10 0 1.01 1.08 0.96 -1 -2 78	
 1 0.73 1.10 0 0.90 1.00 0.90 -1  1 79	
 1 0.71 1.15 0 1.05 1.01 0.98  0  0 27	
 2 0.72 1.16 0 1.05 1.01 1.02  0 -1 24	
 2 0.80 1.13 0 1.04 1.05 0.93  1  1 86	
 2 0.74 1.16 0 0.91 0.96 1.09 -3  1 292	
 2 0.76 1.11 0 0.92 1.01 0.99  2  1 60	
 1 0.76 1.17 0 0.99 0.90 1.02  1 -0 11	
 1 0.76 1.08 0 0.96 0.92 1.05 -1  2 330	
 2 0.73 1.08 0 1.00 1.03 1.07  1  1 135	
 1 0.75 1.38 0 1.06 0.96 0.91 -1  0 10	
 3 0.79 1.36 0 0.93 1.03 0.98  1  1 233	
 1 0.74 1.42 0 1.08 0.98 1.04  1 -1 234	
 2 0.74 1.36 0 1.05 0.94 0.92  2 -2 244	
 3 0.78 1.38 0 1.02 0.99 0.91  2  3 271	
 1 0.77 1.36 0 1.05 1.04 1.09  1  2 294	
 1 0.73 1.33 0 1.00 0.91 0.92 -1 -3 113	
 2 0.71 1.36 0 0.97 0.95 0.91 -2  2 313	
 0 0.78 1.41 0 1.01 0.98 1.06  2 -2 355	
 0 0.75 1.40 0 0.91 1.08 1.09  2 -1 328	
 3 0.76 1.42 0 1.01 0.99 0.91  1 -3 318	
 1 0.72 1.41 0 1.07 0.90 0.95 -1  1 188	
 3 0.73 1.39 0 0.93 1.10 0.93 -2 -3 104	
 3 0.76 1.35 0 0.96 0.95 0.92 -0 -1 237	
 2 0.71 1.38 0 1.00 1.04 0.91 -2  2 327	
 2 0.75 1.63 0 1.01 1.02 1.09  2  1 59	
 0 0.78 1.61 0 1.03 0.92 1.02  0  0 337	
 1 0.76 1.67 0 1.03 1.02 0.91  2 -3 188	
 0 0.76 1.60 0 1.10 0.99 1.05  2  3 65	
 1 0.73 1.61 0 1.04 1.08 1.07  3  2 347	
 2 0.75 1.65 0 1.01 1.05 1.00  2 -3 326	
 2 0.73 1.66 0 1.00 0.95 1.09  2 -2 237	
 2 0.72 1.63 0 1.00 0.91 0.98  2  1 40	
 1 0.71 1.60 0 1.06 0.95 1.02  2  2 43	
 2 0.74 1.59 0 0.97 1.00 0.96 -3  1 298	
 2 0.77 1.62 0 1.10 1.05 1.02 -1  2 210	
 1 0.77 1.64 0 1.07 0.98 0.95  2  0 28	
 2 0.71 1.65 0 0.97 1.09 0.97  0 -1 273	
 3 0.80 1.63 0 1.03 0.94 0.97 -2 -2 113	
 2 0.73 1.64 0 1.06 0.97 0.94 -1  2 181	
 1 0.75 1.88 0 1.07 0.99 0.96  2 -3 30	
 3 0.74 1.86 0 0.92 0.95 1.04 -0  1 207	
 1 0.77 1.87 0 0.99 1.02 0.95 -0 -1 17	
 2 0.71 1.86 0 0.96 1.05 1.00  2  2 334	
 2 0.78 1.90 0 0.96 0.95 0.96  1  1 30	
 2 0.73 1.84 0 0.96 0.95 1.01 -1 -1 44	
 1 0.77 1.85 0 0.96 1.03 1.03 -3  2 13	
 1 0.73 1.88 0 1.00 0.93 1.08  1 -1 359	
 3 0.74 1.91 0 0.94 0.96 1.00 -2 -3 132	
 0 0.75 1.89 0 0.91 0.91 1.01  1 -1 245	
 2 0.75 1.83 0 0.98 0.95 1.02  2  1 191	
 1 0.76 1.92 0 0.90 0.96 0.97  1  2 84	
 3 0.78 1.88 0 1.08 0.92 1.01  1  1 272	
 1 0.71 1.89 0 0.95 0.93 0.94 -3  2 113	
 1 1.05 0.13 0 0.92 0.91 0.96  2  1 268	
 1 1.08 0.11 0 0.98 0.96 1.07  1  1 207	
 2 1.05 0.09 0 0.91 1.09 1.04  2  2 150	
 3 1.04 0.15 0 0.96 1.01 0.95 -1  1 172	
 2 1.06 0.17 0 0.91 1.04 0.95 -2 -2 131	
 0 1.06 0.14 0 0.95 0.98 1.09  2  0 166	
 1 1.06 0.11 0 1.08 0.96 1.06  0 -2 329	
 2 1.08 0.13 0 1.08 1.02 1.01 -3 -2 280	
 3 1.02 0.16 0 1.04 0.98 0.91  2  2 322	
 3 1.01 0.14 0 0.96 1.07 0.93 -2 -3 137	
 2 1.03 0.08 0 0.95 1.08 0.96 -1 -0 76	
 3 1.02 0.11 0 1.04 1.06 1.07 -2  1 344	
 1 1.08 0.16 0 0.99 1.06 1.04  2 -2 226	
 3 1.03 0.13 0 1.09 0.93 1.07 -2  1 327	
 1 1.04 0.11 0 0.92 0.99 0.93  2  2 165	
 1 1.05 0.38 0 1.03 0.98 0.94 -1 -1 333	
 2 1.08 0.35 0 1.02 0.96 1.06 -3  2 113	
 2 1.03 0.36 0 1.06 0.91 1.07  2  1 293	
 1 1.05 0.40 0 1.05 1.07 0.94 -2 -2 262	
 3 1.03 0.41 0 0.94 0.94 1.03  1  1 185	
 0 1.08 0.37 0 0.97 1.03 0.91  1 -1 351	
 3 1.01 0.39 0 0.90 0.95 1.02 -2 -2 309	
 3 1.09 0.40 0 0.97 0.95 1.01  3  3 223	
 3 1.01 0.37 0 1.03 1.04 0.95  0 -1 314	
 1 1.03 0.38 0 1.02 1.06 1.05 -2 -2 240	
 1 1.08 0.34 0 1.08 1.01 0.91  1 -3 82	
 0 1.01 0.35 0 1.10 0.95 1.08  2  2 183	
 1 1.07 0.39 0 1.00 0.98 0.90 -0 -3 36	
 1 1.05 0.42 0 1.02 0.98 1.04  1 -1 236	
 0 1.06 0.34 0 1.05 1.08 0.95 -2  2 58	
 3 1.05 0.63 0 1.04 1.00 0.97  1 -3 96	
 1 1.01 0.62 0 1.06 1.01 0.92 -2 -2 275	
 3 1.03 0.66 0 1.00 1.10 1.01 -3  3 221	
 2 1.07 0.63 0 0.93 0.94 0.98 -2 -2 47	
 1 1.02 0.64 0 1.03 1.06 0.97 -1 -0 37	
 1 1.06 0.61 0 0.94 0.91 1.09 -1  2 261	
 3 1.05 0.66 0 0.94 0.92 0.91 -0  1 185	
 3 1.01 0.59 0 0.98 1.07 1.04 -3  1 171	
 2 1.06 0.58 0 1.00 0.99 1.09  3 -0 156	
 3 1.08 0.61 0 0.96 0.93 0.92  2 -1 259	
 2 1.09 0.63 0 0.94 0.96 1.05  1  0 163	
 2 1.08 0.66 0 1.06 0.91 0.93 -0 -1 91	
 1 1.04 0.59 0 0.91 0.91 1.02 -0  2 113	
 0 1.04 0.64 0 0.98 1.07 0.91  2 -1 125	
 1 1.03 0.61 0 1.07 1.08 1.00 -2  2  5	
 1 1.05 0.88 0 0.92 1.04 1.05  2  0 279	
 1 1.07 0.85 0 0.97 0.96 1.08 -1 -1 20	
 2 1.03 0.85 0 1.10 1.05 1.04  1 -0 225	
 3 1.08 0.87 0 1.01 0.91 1.01  2 -3 206	
 0 1.02 0.91 0 1.06 0.95 1.00 -2 -0 36	
 1 1.06 0.89 0 1.10 1.01 1.07  0 -3 316	
 0 1.05 0.83 0 0.94 1.07 1.05 -2 -2 55	
 3 1.03 0.88 0 1.00 1.06 0.96  3 -3 25	
 3 1.02 0.86 0 0.93 0.94 0.93 -2 -0 149	
 2 1.04 0.91 0 0.94 0.99 1.09  3  1 74	
 1 1.02 0.84 0 0.92 0.94 1.01  0 -2 227	
 1 1.07 0.91 0 1.08 0.96 0.95  1 -0 78	
 1 1.07 0.83 0 0.97 1.07 1.01  2 -2 239	
 1 1.09 0.85 0 0.94 1.03 0.95  1  2 214	
 3 1.05 0.92 0 0.99 1.02 0.98  3 -2 286	
 1 1.05 1.13 0 0.93 1.00 1.07  3  1 278	
 0 1.03 1.16 0 1.04 0.94 1.04  1 -0 179	
 2 1.06 1.15 0 1.04 0.99 0.96 -2  1 278	
 2 1.10 1.13 0 1.03 0.92 1.01  3  3 262	
 1 1.03 1.12 0 1.00 0.96 0.97  2 -2 298	
 1 1.02 1.10 0 1.02 0.97 1.07  3 -3 259	
 2 1.07 1.08 0 1.07 1.01 0.94  2  0 16	
 1 1.08 1.13 0 0.95 0.99 0.92 -1 -3 135	
 1 1.04 1.14 0 1.06 0.99 1.08 -3  2 25	
 0 1.09 1.10 0 1.04 1.04 1.05  0 -0 144	
 1 1.04 1.09 0 1.08 1.05 0.96  1 -1  4	
 1 1.07 1.17 0 0.95 0.95 0.93 -2 -2 27	
 0 1.01 1.13 0 0.93 1.08 0.97 -0  1 141	
 2 1.02 1.14 0 1.00 0.98 1.07 -2  2 289	
 2 1.06 1.11 0 0.99 1.08 1.10 -2  3 296	
 1 1.05 1.38 0 1.01 1.06 1.03 -3  2 237	
 1 1.07 1.37 0 1.03 1.03 1.08  2 -3 140	
 2 1.04 1.36 0 1.05 0.92 0.94  1  1 316	
 1 1.07 1.39 0 0.91 0.91 1.09 -2  2 137	
 0 1.08 1.41 0 1.03 0.92 0.91 -2  3 85	
 1 1.03 1.35 0 0.96 1.04 1.01  1 -3 56	
 1 1.00 1.39 0 1.01 0.92 0.95  0  0  2	
 1 1.05 1.41 0 0.93 0.96 0.95  1 -3 11	
 2 1.03 1.37 0 0.97 1.05 1.03 -1  1 194	
 2 1.03 1.42 0 1.05 1.01 1.10  0  2 153	
 1 1.06 1.34 0 0.94 0.96 0.95 -2 -1 137	
 0 1.04 1.33 0 1.08 0.94 1.02 -3 -3 282	
 2 1.03 1.40 0 1.00 1.05 0.97  0  1 127	
 2 1.08 1.34 0 0.94 1.02 1.05  3  2 199	
 1 1.10 1.37 0 0.90 0.93 1.07  2 -0 271	
 2 1.05 1.63 0 0.98 1.09 1.00  2 -2 62	
 1 1.10 1.63 0 0.93 1.10 0.99 -1 -2 121	
 2 1.06 1.67 0 0.95 0.92 0.98  2  2 83	
 1 1.07 1.62 0 0.91 1.10 1.05 -3 -2 191	
 3 1.03 1.61 0 1.07 0.96 1.09  3  3 170	
 1 1.04 1.66 0 0.97 0.92 1.04 -2 -2  0	
 2 1.08 1.64 0 0.92 1.04 1.08  3 -1 284	
 3 1.01 1.60 0 1.10 0.93 0.93 -3 -2 133	
 1 1.01 1.63 0 0.94 0.94 1.08 -2  1 148	
 1 1.06 1.61 0 1.03 1.08 0.94  1  1 237	
 2 1.03 1.58 0 1.00 1.07 0.91  1  2 90	
 2 1.05 1.58 0 0.98 0.97 1.03  1  0 155	
 1 1.03 1.64 0 1.08 1.10 1.00 -1 -2 20	
 2 1.08 1.59 0 1.09 1.09 0.95 -2  0 358	
 2 1.01 1.66 0 0.97 0.99 0.94 -2 -1 47	
 1 1.05 1.88 0 1.02 0.97 1.04  1 -2 277	
 1 1.09 1.86 0 0.98 0.95 1.03 -2 -2 70	
 2 1.07 1.84 0 1.10 0.94 0.97  3 -0 289	
 2 1.07 1.91 0 1.02 0.97 0.97  2  2 346	
 2 1.03 1.92 0 0.91 0.94 1.09  1  0 175	
 0 1.03 1.86 0 1.06 1.04 1.01  0 -3 106	
 2 1.01 1.90 0 1.07 1.03 1.00  1 -2 149	
 2 1.04 1.90 0 1.09 0.98 0.95  2 -0 98	
 2 1.08 1.87 0 1.01 0.98 1.03 -2 -3 354	
 1 1.06 1.83 0 1.04 0.97 1.08  3  1 37	
 1 1.02 1.88 0 1.08 0.90 0.93  1  3 153	
 2 1.09 1.90 0 1.06 1.08 1.03  3  1 110	
 2 1.02 1.84 0 0.95 1.09 0.91  1 -2 331	
 3 1.07 1.86 0 0.98 1.01 1.02 -3 -2 186	
 1 1.05 1.85 0 0.92 0.92 0.95 -3 -1 128	
 2 1.35 0.13 0 0.93 1.08 1.09 -1  3 67	
 2 1.36 0.09 0 1.08 0.98 0.95 -2  2  4	
 2 1.36 0.16 0 0.97 0.94 0.90 -2  2 237	
 2 1.34 0.08 0 0.98 1.09 0.93 -2 -1 108	
 2 1.31 0.11 0 0.99 0.97 0.97  2 -2 290	
 2 1.33 0.13 0 1.00 0.94 0.92 -1 -1 350	
 0 1.30 0.13 0 1.07 0.96 1.08  2 -1 163	
 2 1.35 0.16 0 0.97 0.91 0.96 -3  1 203	
 2 1.37 0.13 0 1.01 0.90 0.99  3  2 119	
 2 1.33 0.17 0 1.06 1.02 0.96 -3  2 353	
 1 1.31 0.15 0 0.93 1.01 0.94  1  1 159	
 2 1.37 0.11 0 1.03 1.08 1.00  1  1 254	
 1 1.33 0.11 0 0.93 1.06 0.91 -1  3 45	
 2 1.39 0.11 0 1.07 1.08 1.09 -0  1 131	
 3 1.38 0.16 0 0.99 0.99 0.97  2 -3 15	
 2 1.35 0.38 0 0.90 1.06 0.96  3  1 338	
 1 1.35 0.40 0 1.07 0.97 0.95  2  2 198	
 3 1.38 0.39 0 1.05 1.04 0.98 -3 -2 208	
 2 1.33 0.37 0 0.94 0.95 1.05  3  2 132	
 1 1.35 0.42 0 0.99 0.91 1.05 -1 -0 269	
 1 1.37 0.41 0 0.91 0.94 0.91  1 -2 78	
 1 1.36 0.34 0 0.95 0.96 1.04 -3  1 289	
 3 1.31 0.38 0 1.01 1.08 1.10 -2  0 89	
 0 1.34 0.39 0 0.98 1.01 1.08  3 -0 45	
 1 1.39 0.36 0 1.08 1.01 0.99  3  2 66	
 3 1.31 0.35 0 1.04 1.07 1.00 -1  1 65	
 3 1.37 0.36 0 1.04 0.96 1.07  3  2 41	
 0 1.31 0.40 0 1.10 1.06 1.08  3  1 203	
 1 1.35 0.35 0 1.02 0.96 1.00  1 -1 263	
 0 1.33 0.33 0 0.90 0.92 1.09  1  1 145	
 1 1.35 0.63 0 0.92 0.93 0.92  1  1  2	
 0 1.34 0.61 0 1.05 1.09 0.94 -2 -3 97	
 1 1.35 0.66 0 0.94 1.09 1.00  1 -0 62	
 3 1.31 0.62 0 1.00 1.10 0.93  2 -2 82	
 1 1.39 0.62 0 0.93 1.06 0.94  3 -1 161	
 2 1.33 0.65 0 0.99 0.90 1.03  2 -1 152	
 2 1.37 0.66 0 1.06 1.01 0.96 -1  1 129	
 3 1.34 0.67 0 1.09 1.05 0.90 -0  3 319	
 0 1.37 0.63 0 1.06 1.04 1.01  3 -0 187	
 0 1.37 0.60 0 0.98 0.98 1.04  1  1 220	
 1 1.35 0.59 0 1.07 1.01 1.06 -1  0 223	
 0 1.33 0.63 0 0.92 0.93 1.06 -1  2 78	
 0 1.32 0.59 0 0.92 0.94 1.09  3 -2 280	
 3 1.31 0.65 0 1.00 0.99 1.02  0 -3 316	
 0 1.35 0.88 0 1.03 1.03 1.03 -2  1 353	
 1 1.37 0.89 0 0.92 0.97 1.06  3 -1 94	
 3 1.37 0.86 0 1.00 0.98 1.02 -1  1 232	
 1 1.33 0.92 0 0.92 0.97 1.06  1  0 263	
 0 1.34 0.85 0 1.07 1.09 1.05  2 -1  6	
 2 1.39 0.88 0 1.09 1.08 0.91  3 -0 200	
 0 1.31 0.91 0 1.01 0.91 1.00  0  1 55	
 0 1.36 0.84 0 1.07 0.91 1.03 -2 -0 235	
 1 1.32 0.87 0 0.94 0.93 1.06  0  0 316	
 1 1.33 0.86 0 1.03 1.02 0.96  1  2 57	
 1 1.39 0.86 0 1.06 1.07 0.99  2 -1 355	
 2 1.32 0.85 0 1.08 1.10 1.08  1  2 85	
 0 1.38 0.92 0 1.06 1.01 1.04  0 -3  5	
 2 1.34 0.90 0 0.90 1.09 1.10 -2 -3 43	
 3 1.36 0.91 0 1.00 0.91 0.99 -1  2 212	
 2 1.35 1.13 0 0.95 0.95 1.01 -1  2 323	
 1 1.37 1.14 0 0.97 1.09 0.97 -1  2 141	
 1 1.39 1.10 0 0.96 1.01 1.00 -0 -2 191	
 3 1.35 1.15 0 1.06 0.99 0.95 -0  2 263	
 1 1.39 1.14 0 1.10 1.09 1.02 -3 -1 155	
 3 1.37 1.12 0 0.94 0.93 0.97  1 -2 144	
 1 1.36 1.17 0 1.08 1.04 0.92  1 -0 150	
 1 1.31 1.13 0 0.98 1.02 0.94 -2 -3 331	
 1 1.33 1.10 0 0.94 1.04 1.05 -3  1 165	
 2 1.36 1.08 0 1.05 0.96 1.06  0  0 146	
 3 1.34 1.17 0 0.99 1.09 0.98 -3 -0 144	
 1 1.37 1.10 0 1.01 0.95 0.95 -2  2 178	
 3 1.32 1.15 0 1.03 1.10 1.10 -2  0 301	
 2 1.40 1.12 0 0.91 0.97 0.97  1  2 126	
 1 1.34 1.09 0 1.06 0.99 1.02 -2  3 150	
 3 1.35 1.38 0 1.02 1.09 1.09  1 -3 145	
 0 1.35 1.35 0 1.05 0.92 0.91  2  0 297	
 3 1.38 1.34 0 0.99 0.93 0.95 -2 -0  3	
 1 1.39 1.40 0 0.97 0.99 0.97 -3 -2 168	
 1 1.36 1.39 0 1.01 0.98 0.97  0  3 258	
 2 1.30 1.37 0 1.07 0.92 0.93 -0  1 130	
 1 1.36 1.33 0 1.07 1.06 0.97  3  3 91	
 3 1.40 1.38 0 0.91 1.04 1.00 -1 -1 93	
 3 1.33 1.39 0 1.01 1.09 1.10 -2 -0 259	
 3 1.33 1.36 0 0.98 1.05 1.01 -0 -1 33	
 0 1.33 1.42 0 1.07 0.97 1.03 -0 -1 49	
 1 1.31 1.39 0 0.98 1.04 1.07 -2  1 41	
 3 1.37 1.40 0 0.96 0.93 1.05  2 -2 125	
 2 1.36 1.42 0 0.99 0.93 1.04 -1 -1  0	
 1 1.32 1.34 0 1.02 0.91 1.02  0 -1 142	
 0 1.35 1.63 0 1.02 1.03 1.06 -3  2 124	
 3 1.32 1.65 0 1.02 1.05 1.04  1  2 234	
 1 1.36 1.66 0 0.92 1.06 1.04  1  3 349	
 0 1.32 1.62 0 1.03 0.94 1.03 -2 -0 338	
 1 1.36 1.59 0 1.07 1.04 0.99  1 -0 237	
 3 1.37 1.64 0 1.05 1.00 0.91  1  1 320	
 2 1.37 1.62 0 0.99 1.09 0.92 -2  2 330	
 2 1.33 1.60 0 0.90 1.02 0.97 -1 -3 213	
 2 1.35 1.67 0 1.07 1.04 0.91 -3  3 48	
 3 1.34 1.65 0 0.95 1.08 0.91 -0 -0 276	
 2 1.39 1.61 0 0.94 0.92 1.00 -1  1 180	
 0 1.38 1.59 0 0.93 1.10 1.09  2  1 161	
 2 1.34 1.61 0 1.10 0.91 0.97 -0  2 201	
 3 1.39 1.64 0 0.91 0.92 0.94 -0 -2 128	
 1 1.33 1.63 0 1.05 0.95 1.03  1 -1 269	
 1 1.35 1.88 0 0.93 1.00 0.99 -2  3 160	
 2 1.33 1.86 0 0.99 1.06 1.08 -3  2 327	
 1 1.35 1.91 0 1.06 1.02 0.99  1 -3 45	
 2 1.34 1.84 0 1.00 0.94 1.09 -3 -2 335	
 2 1.37 1.86 0 0.99 1.02 1.09 -1 -0 299	
 2 1.31 1.88 0 1.09 0.96 1.00  1 -1 260	
 0 1.39 1.91 0 1.10 1.02 1.06 -1 -3 40	
 0 1.31 1.86 0 0.93 1.05 1.07  2  2 337	
 0 1.31 1.89 0 0.91 1.09 0.98 -1 -2 207	
 3 1.34 1.89 0 1.03 1.08 1.10  2 -2 219	
 0 1.36 1.90 0 0.92 1.04 0.94 -2 -3 328	
 2 1.36 1.84 0 1.03 0.91 0.96 -2 -0 342	
 2 1.39 1.84 0 0.93 0.94 1.05  3  2 321	
 2 1.38 1.88 0 0.95 1.06 1.06  3  1 196	
 1 1.40 1.88 0 1.10 0.97 1.09  1 -0 198	
 2 1.65 0.13 0 0.96 1.08 0.94 -3  2 158	
 2 1.67 0.11 0 1.07 1.02 0.97 -1 -1 14	
 2 1.62 0.15 0 0.92 0.95 0.94 -2 -2 353	
 0 1.67 0.09 0 0.93 0.91 1.07 -1  2 187	
 3 1.67 0.17 0 1.00 0.99 0.93  3  3 147	
 1 1.65 0.09 0 0.94 0.90 1.06 -3  1 112	
 1 1.63 0.13 0 1.04 0.95 0.95 -1 -3 257	
 3 1.67 0.13 0 1.04 0.95 0.99 -2 -1 272	
 2 1.69 0.12 0 1.04 0.98 0.94  3  1 93	
 1 1.68 0.15 0 0.91 1.01 0.94 -1  1 227	
 1 1.63 0.08 0 1.07 0.93 0.95  0  2 221	
 1 1.62 0.10 0 1.00 1.05 1.05  1 -2 297	
 1 1.61 0.13 0 0.96 0.93 0.90  1 -2 264	
 2 1.64 0.16 0 1.03 0.93 0.94  3  2 138	
 1 1.69 0.10 0 1.02 1.03 0.90  2  2 136	
 0 1.65 0.38 0 1.09 1.09 0.92  2  0 327	
 3 1.65 0.35 0 1.05 1.04 1.03 -1 -1 305	
 2 1.68 0.37 0 0.92 1.09 1.02 -1  1 57	
 1 1.66 0.36 0 0.94 0.98 1.06  2 -2 356	
 2 1.62 0.40 0 0.95 1.07 1.04  2 -1 145	
 1 1.69 0.40 0 1.05 0.97 1.02  3 -2 78	
 2 1.67 0.34 0 0.90 1.06 0.97 -1  0 139	
 2 1.64 0.40 0 0.99 1.07 1.03  1  3 183	
 0 1.68 0.35 0 0.91 1.07 1.03  0 -1 247	
 0 1.61 0.38 0 0.92 1.04 0.93  1 -0 181	
 1 1.63 0.36 0 1.03 1.00 1.02  0 -3 153	
 3 1.67 0.41 0 1.04 1.01 0.96 -2 -2  9	
 0 1.66 0.39 0 1.09 0.90 1.03 -3  2 215	
 2 1.64 0.33 0 0.99 1.01 0.94  2  0 105	
 3 1.62 0.34 0 1.06 1.08 0.92  1 -2 36	
 2 1.65 0.63 0 1.06 1.05 0.91  1 -2 300	
 2 1.67 0.66 0 0.95 1.09 1.02  1  2 186	
 2 1.66 0.60 0 1.03 0.97 1.03  3 -3 68	
 2 1.67 0.63 0 0.95 0.92 0.91 -1  2 195	
 1 1.63 0.66 0 0.92 0.93 0.95  2  2 289	
 2 1.63 0.61 0 1.01 0.94 1.05 -3  2 57	
 2 1.68 0.61 0 0.96 1.02 1.09  1 -2 164	
 3 1.63 0.59 0 1.03 1.10 0.93  0  1 352	
 1 1.62 0.64 0 0.91 1.00 0.93  0  1 288	
 2 1.64 0.64 0 0.91 1.06 1.07 -1  1 47	
 0 1.69 0.64 0 0.93 0.94 1.02 -2  1 359	
 2 1.66 0.65 0 0.91 0.94 1.05  1  1 182	
 0 1.65 0.59 0 1.02 1.04 1.01 -1  1 307	
 2 1.67 0.58 0 1.04 1.06 0.94 -2  2 342	
 0 1.61 0.61 0 0.92 1.06 0.98 -2  1  8	
 2 1.65 0.88 0 0.97 0.96 1.04 -2 -1 63	
 1 1.68 0.89 0 1.01 1.00 0.98  1  2 129	
 2 1.67 0.86 0 0.97 0.96 0.90 -1  3 93	
 3 1.63 0.89 0 1.09 0.98 0.94  1  2 152	
 2 1.63 0.83 0 1.07 0.92 1.02 -2 -1 306	
 1 1.64 0.86 0 1.06 1.08 1.10  0 -1  1	
 2 1.62 0.87 0 1.06 1.07 1.01 -3  1 30	
 1 1.61 0.85 0 0.90 0.98 0.91 -1  2 61	
 0 1.62 0.90 0 0.94 0.91 1.05  2 -2 310	
 2 1.65 0.91 0 1.10 1.06 0.96  1  3 327	
 1 1.70 0.87 0 1.07 0.91 0.98 -3  1 170	
 3 1.66 0.83 0 0.98 0.95 1.08 -2 -3 251	
 3 1.60 0.89 0 1.10 0.98 1.03  1  2 341	
 1 1.68 0.84 0 1.00 1.06 0.91  2  1 252	
 2 1.65 1.13 0 0.96 0.94 1.03  2  1 222	
 1 1.64 1.15 0 1.05 1.04 1.07  3  2 126	
 2 1.64 1.08 0 0.91 0.94 0.97  3 -1 248	
 2 1.64 1.10 0 1.03 0.92 0.96 -1 -0 32	
 3 1.61 1.15 0 0.95 0.99 0.93  3  2  8	
 1 1.69 1.10 0 1.02 0.94 1.04 -2  2 31	
 1 1.69 1.14 0 1.05 0.91 1.02  1 -0 87	
 3 1.67 1.15 0 0.91 1.05 0.92 -3 -1 355	
 2 1.66 1.11 0 1.06 0.94 1.08 -0  2  6	
 1 1.61 1.09 0 1.07 0.92 0.91  1  2 257	
 2 1.62 1.11 0 1.04 1.07 1.08 -1 -0 81	
 1 1.66 1.17 0 0.99 1.09 0.99 -0 -1 158	
 3 1.62 1.13 0 0.98 0.92 0.97 -0 -3 69	
 3 1.69 1.12 0 1.08 0.91 1.08 -2 -2 231	
 1 1.66 1.09 0 1.09 1.06 1.08 -2  3 118	
 1 1.65 1.38 0 0.93 1.06 1.04  1  2 311	
 0 1.67 1.37 0 0.96 0.91 1.07 -0  3 342	
 3 1.65 1.40 0 1.02 1.03 1.07 -1  0 124	
 2 1.63 1.35 0 1.07 1.04 1.04 -0 -3 314	
 3 1.67 1.35 0 0.94 0.96 1.07  2  1 117	
 2 1.65 1.42 0 1.09 1.00 1.00  2 -2 275	
 1 1.61 1.38 0 1.02 1.05 0.92  1  3 126	
 1 1.66 1.33 0 0.93 0.91 0.99 -1 -2 115	
 0 1.68 1.37 0 1.07 0.94 0.99 -1 -2 184	
 2 1.63 1.38 0 1.09 0.92 0.90  1  0 97	
 0 1.68 1.39 0 0.95 0.94 1.02 -0 -3 45	
 2 1.61 1.35 0 0.92 1.07 0.97 -1  1 346	
 3 1.63 1.40 0 1.07 1.03 0.96  2  2 119	
 1 1.61 1.40 0 0.90 1.08 1.03  1  3 124	
 1 1.68 1.41 0 1.07 1.04 1.03  2  1 222	
 2 1.65 1.63 0 0.98 1.10 1.02  1  2 285	
 1 1.63 1.65 0 1.09 1.08 1.10 -1 -2 116	
 0 1.66 1.65 0 1.03 1.06 0.91  3  2 58	
 1 1.62 1.62 0 1.08 0.97 0.91 -2 -3 84	
 0 1.67 1.61 0 0.97 0.98 0.98  1  2 30	
 2 1.69 1.64 0 1.00 1.06 0.96 -0 -0 197	
 2 1.62 1.59 0 0.94 1.01 0.91  0  0 73	
 1 1.67 1.59 0 0.96 1.05 0.96  2 -2 86	
 2 1.65 1.59 0 0.91 1.02 0.98 -2  2 91	
 1 1.60 1.62 0 0.90 1.05 0.98 -1 -1 335	
 2 1.70 1.62 0 1.02 0.99 0.91 -3  1 158	
 0 1.63 1.67 0 1.09 1.08 1.07  1  1 146	
 2 1.67 1.67 0 1.00 0.92 0.97 -0  2 307	
 2 1.67 1.63 0 0.93 1.09 0.98 -2  2 228	
 0 1.61 1.64 0 1.00 1.10 0.90  1  2 247	
 0 1.65 1.88 0 0.98 0.97 1.04 -3 -2 217	
 2 1.63 1.83 0 0.95 0.97 0.94 -1 -1 244	
 2 1.68 1.87 0 1.01 1.09 0.97 -1  2 154	
 0 1.67 1.83 0 1.07 1.06 1.01 -1  1 311	
 2 1.64 1.90 0 0.92 0.99 1.05 -0  1 121	
 1 1.66 1.85 0 0.94 0.97 0.99  1 -3  6	
 1 1.62 1.90 0 1.08 1.00 0.94 -3 -1 136	
 2 1.64 1.92 0 1.02 0.95 1.07 -1  2 223	
 3 1.61 1.87 0 0.99 0.98 1.03 -3 -1 213	
 2 1.69 1.85 0 1.05 1.03 1.06  2 -1 163	
 0 1.63 1.86 0 1.07 1.01 0.93 -3 -2 15	
 1 1.67 1.92 0 0.95 1.04 1.00  3  0 299	
 2 1.69 1.90 0 1.00 0.98 0.92 -1 -3 55	
 1 1.61 1.89 0 1.00 0.97 0.94  1 -2 209	
 2 1.67 1.89 0 0.90 1.06 0.95 -2 -2 314	
 3 0.15 0.13 0 0.94 0.96 0.93  3  0 190	
 2 0.17 0.09 0 0.92 1.09 0.92  2  1 227	
 2 0.17 0.13 0 1.07 1.04 1.09  2 -3 315	
 3 0.13 0.12 0 1.09 1.09 1.04 -2 -3 30	
 2 0.12 0.10 0 0.94 1.10 0.92 -2  1 147	
 3 0.15 0.08 0 0.98 0.99 1.07  2  1 142	
 2 0.10 0.12 0 1.02 0.98 0.93  2 -2 287	
 1 0.17 0.16 0 1.09 1.02 1.02 -3 -2 62	
 0 0.13 0.15 0 1.03 1.08 0.98 -1  2  4	
 1 0.14 0.16 0 1.09 1.01 1.07  2  2 27	
 2 0.15 0.15 0 0.91 0.96 0.94  2  1 341	
 1 0.15 0.10 0 1.01 0.96 0.96 -2 -1 93	
 2 0.12 0.13 0 0.90 1.08 1.00 -3  2 50	
 2 0.18 0.15 0 1.03 1.01 1.00  3 -3 251	
 0 0.19 0.12 0 1.08 0.94 0.99 -1  0 99	
 0 0.15 0.38 0 1.02 0.98 0.91 -1  2 288	
 1 0.19 0.39 0 1.09 1.00 1.06 -0 -1 319	
 2 0.14 0.34 0 1.05 0.98 1.04 -2 -2 320	
 1 0.16 0.41 0 0.91 1.07 1.03 -0  3 194	
 0 0.10 0.39 0 0.96 0.92 1.10 -1  1 98	
 2 0.17 0.37 0 0.92 0.91 0.94  2 -0 137	
 0 0.13 0.34 0 0.92 0.97 1.07 -1  3 74	
 3 0.16 0.39 0 1.10 1.09 1.09 -3 -2 67	
 3 0.18 0.35 0 1.09 1.03 0.96 -2 -1 138	
 2 0.14 0.41 0 1.01 1.07 0.99 -2 -2 268	
 0 0.18 0.34 0 0.91 0.91 0.91 -1  1 230	
 1 0.12 0.37 0 1.09 1.00 0.94 -3  3 30	
 0 0.13 0.39 0 0.94 0.91 1.00  3  3 242	
 2 0.11 0.35 0 0.94 1.03 0.96  3  0 158	
 0 0.12 0.40 0 1.05 1.07 0.97  1 -1 55	
 1 0.15 0.63 0 1.05 1.00 1.06 -2 -3 321	
 2 0.11 0.64 0 1.07 1.01 1.06 -1  0 291	
 1 0.13 0.62 0 1.05 0.92 1.10  3  1 22	
 2 0.14 0.64 0 1.06 0.98 0.99  2  3 114	
 1 0.15 0.66 0 1.06 1.05 0.95  0  2 223	
 2 0.18 0.63 0 0.91 0.94 1.07  0 -2 47	
 2 0.14 0.59 0 1.05 1.06 0.95  1  1 347	
 1 0.17 0.64 0 1.04 0.99 1.01 -1 -1 77	
 0 0.16 0.61 0 1.10 1.02 1.09 -2  1 284	
 1 0.17 0.59 0 0.93 1.07 0.97  2 -3 160	
 1 0.10 0.63 0 1.08 1.04 1.03 -1  2 143	
 0 0.16 0.67 0 1.08 0.92 1.07  2  2 114	
 2 0.18 0.65 0 0.99 0.97 0.92  3  2 243	
 0 0.12 0.66 0 0.96 1.07 1.01 -1  2 29	
 2 0.19 0.60 0 1.01 1.04 0.97 -1  2 316	
 1 0.15 0.88 0 0.92 1.01 1.03  3 -2 286	
 2 0.12 0.90 0 1.05 1.07 1.01  1  2 59	
 3 0.13 0.88 0 0.93 0.97 0.90  1 -1 178	
 1 0.15 0.84 0 1.06 1.04 1.08  2  1 288	
 3 0.17 0.88 0 0.94 0.95 0.94  1  1  5	
 2 0.11 0.85 0 0.95 1.08 0.97  0  0 252	
 2 0.17 0.92 0 1.03 0.95 1.02 -2 -2 50	
 1 0.17 0.84 0 0.94 0.98 1.02 -1  1 121	
 0 0.14 0.89 0 1.04 1.01 1.06 -2 -2 54	
 2 0.19 0.89 0 1.08 1.01 1.10 -1  0 98	
 2 0.19 0.86 0 1.04 1.10 0.95 -3 -0 181	
 2 0.13 0.92 0 1.00 0.96 0.93  0 -3 91	
 1 0.18 0.87 0 1.00 1.10 1.05 -1  2 227	
 1 0.10 0.89 0 0.95 1.01 1.05 -3  0 230	
 3 0.15 0.91 0 1.02 1.03 0.91 -2 -0 179	
 2 0.45 0.13 0 0.92 1.04 1.04 -0 -2 242	
 1 0.44 0.15 0 1.01 1.04 0.95 -3  3 191	
 1 0.48 0.13 0 0.98 1.03 1.09 -0  2 332	
 2 0.43 0.13 0 1.08 1.08 0.98  3 -1 203	
 3 0.46 0.16 0 1.08 1.06 1.06 -2 -2  1	
 0 0.47 0.11 0 1.02 0.95 0.90  0  1 23	
 0 0.43 0.11 0 0.92 1.09 1.08  2 -0 356	
 2 0.47 0.14 0 1.02 1.04 1.07 -2  0 28	
 2 0.43 0.15 0 0.96 0.95 0.90  2 -3 30	
 1 0.50 0.12 0 0.97 1.03 0.99 -2  3 122	
 2 0.41 0.14 0 0.91 1.04 0.96  2 -1 245	
 2 0.48 0.10 0 1.07 0.99 1.00 -2 -0 246	
 1 0.45 0.08 0 0.96 0.99 1.03  1  1 149	
 3 0.47 0.09 0 0.94 0.96 0.91  1 -1 212	
 1 0.43 0.08 0 1.10 1.01 0.90  2  2 142	
 2 0.45 0.38 0 0.92 0.98 1.10  2  1 310	
 3 0.42 0.37 0 0.99 1.07 0.93  0 -1 200	
 2 0.45 0.41 0 1.09 0.96 0.92 -2 -1 26	
 1 0.41 0.34 0 0.95 1.03 0.92 -2 -2 194	
 2 0.42 0.38 0 0.97 0.90 0.98 -1  1 126	
 3 0.48 0.38 0 0.92 0.96 1.01  0 -2 221	
 2 0.46 0.40 0 1.03 0.91 1.03 -0  3 260	
 3 0.44 0.35 0 0.95 1.00 0.98 -1 -2 29	
 0 0.45 0.33 0 1.06 0.96 1.07 -1 -1 252	
 1 0.42 0.41 0 1.10 0.94 1.07 -0 -2 79	
 1 0.49 0.35 0 0.96 1.06 0.92  2  0 239	
 2 0.49 0.41 0 0.99 1.06 0.90 -2 -0 139	
 0 0.47 0.37 0 1.07 1.05 0.92  3 -1 276	
 2 0.47 0.42 0 1.03 0.94 0.99  2  2  1	
 2 0.47 0.35 0 1.09 0.99 0.95  3 -0 40	
 2 0.45 0.63 0 0.92 0.94 0.92  2  3 141	
 0 0.43 0.65 0 1.05 1.01 1.08 -3  0 93	
 3 0.42 0.58 0 1.05 0.95 0.92  0  3 271	
 1 0.48 0.66 0 1.00 1.04 1.02  1  2 54	
 2 0.49 0.63 0 1.02 1.02 0.93 -3  3 207	
 2 0.47 0.61 0 1.10 0.95 1.05 -3 -1 98	
 2 0.44 0.59 0 1.01 0.92 0.91  1  0 324	
 3 0.40 0.61 0 1.06 1.01 0.97  3  1 321	
 1 0.46 0.67 0 1.04 0.98 1.02 -1 -0  3	
 0 0.42 0.61 0 1.07 1.08 0.97  1  3 99	
 2 0.42 0.64 0 1.07 0.91 1.02 -2 -2 59	
 1 0.48 0.59 0 0.92 0.99 0.94 -2 -2 262	
 1 0.47 0.59 0 1.01 0.93 0.99 -1 -2 319	
 2 0.47 0.64 0 1.01 1.00 0.99  2 -0 317	
 3 0.44 0.61 0 1.00 1.00 1.05  2  1 66	
 1 0.45 0.88 0 0.97 1.07 1.10  1  1 80	
 1 0.43 0.87 0 0.99 0.92 1.04 -1  3 217	
 2 0.49 0.86 0 0.94 0.93 1.00  2 -0 246	
 3 0.46 0.92 0 1.08 0.94 1.10  3  2 14	
 1 0.45 0.86 0 0.95 0.91 0.93 -1  1 187	
 1 0.42 0.89 0 0.90 1.01 0.94  1  1 309	
 2 0.47 0.86 0 0.95 0.90 1.10  3 -1 82	
 1 0.47 0.83 0 0.92 1.05 1.04  2  3 304	
 2 0.48 0.89 0 1.00 1.05 1.03 -0 -2 111	
 1 0.41 0.85 0 1.01 1.03 1.06 -3  3 65	
 3 0.43 0.83 0 1.03 1.02 1.00  2 -1 65	
 1 0.42 0.91 0 0.99 0.96 1.01  1 -1 312	
 1 0.40 0.88 0 0.96 1.04 0.94  0 -2 260	
 2 0.49 0.91 0 0.97 1.00 0.91 -0 -2 50	
 1 0.45 0.90 0 1.03 0.98 1.07 -3 -1 113	
 2 0.75 0.13 0 0.95 0.97 1.07  2  0 122	
 0 0.75 0.16 0 0.92 1.05 0.97  2 -3 340	
 2 0.73 0.11 0 0.97 1.09 0.97 -2  2 309	
 1 0.75 0.10 0 1.04 0.91 0.92  0 -2 211	
 1 0.79 0.12 0 0.94 0.91 0.91 -2 -2 56	
 1 0.71 0.14 0 0.94 1.06 0.90 -3  1 98	
 2 0.77 0.16 0 0.97 1.09 0.97  0  3 269	
 2 0.72 0.13 0 0.97 0.92 1.06  2  1 152	
 3 0.78 0.10 0 0.99 1.03 0.99 -0 -2 175	
 0 0.72 0.16 0 0.93 1.07 1.05 -2 -1 107	
 3 0.76 0.14 0 0.96 0.99 1.04 -3 -2 338	
 1 0.74 0.08 0 1.06 1.05 0.93 -0  0 342	
 1 0.79 0.14 0 0.97 1.05 1.04  2 -3 260	
 2 0.74 0.14 0 1.00 0.93 1.02 -0  2 294	
 1 0.71 0.10 0 1.05 1.04 0.96  2 -1 128	
 3 0.75 0.38 0 1.03 1.05 0.93  2 -2 25	
 3 0.75 0.33 0 0.99 0.97 1.00 -1 -3 201	
 0 0.76 0.35 0 0.98 0.95 0.96 -2  2 140	
 0 0.72 0.36 0 0.98 0.99 1.01 -3 -2 166	
 0 0.74 0.40 0 1.01 0.97 1.03  0 -1 77	
 1 0.78 0.34 0 1.00 1.01 1.00  2  2 246	
 1 0.77 0.38 0 0.94 1.01 0.98 -2 -1 311	
 1 0.79 0.38 0 0.90 0.96 1.05  2  1 247	
 2 0.79 0.35 0 0.94 0.95 0.99 -2  3  6	
 1 0.78 0.41 0 1.02 1.02 1.02  0  1 348	
 1 0.70 0.38 0 1.05 1.00 1.02 -1  1 110	
 1 0.76 0.41 0 0.93 0.99 1.00 -1 -2 182	
 3 0.74 0.36 0 1.02 1.05 0.96 -3 -2 115	
 1 0.74 0.42 0 1.03 1.03 0.93  0 -3 296	
 2 0.72 0.41 0 0.97 1.00 0.99  2 -1 85	
 0 0.75 0.63 0 1.08 0.96 1.09  2  0 330	
 0 0.78 0.62 0 1.07 1.03 1.07 -3  0  4	
 1 0.75 0.65 0 1.09 1.08 1.04  1 -2 241	
 2 0.77 0.61 0 1.05 0.98 0.91  1 -1 253	
 1 0.73 0.58 0 1.09 1.08 0.96  1 -1 301	
 0 0.71 0.64 0 0.91 1.07 1.02  2  2 215	
 0 0.76 0.59 0 1.06 1.08 0.97 -3 -2 305	
 2 0.71 0.61 0 1.03 1.10 0.98  2  2 64	
 2 0.75 0.60 0 0.98 0.98 1.09  1 -3 27	
 2 0.72 0.65 0 1.08 0.97 0.91  1 -1 88	
 1 0.80 0.64 0 1.00 1.02 0.96  0 -0 81	
 2 0.75 0.67 0 0.98 1.08 1.04  0  0 172	
 1 0.78 0.66 0 1.07 1.06 0.96 -1  3  6	
 1 0.73 0.62 0 1.01 1.08 1.10  2  3 271	
 2 0.79 0.59 0 1.00 1.01 1.03  1  1 318	
 2 0.75 0.88 0 0.97 1.02 0.90 -1 -1 53	
 3 0.71 0.85 0 1.05 1.00 1.03 -2  3 259	
 3 0.75 0.84 0 1.08 0.99 0.98 -0 -1 99	
 1 0.73 0.91 0 1.05 1.04 1.04  0  2 21	
 3 0.75 0.90 0 1.02 1.05 1.07  2 -0 81	
 2 0.72 0.90 0 0.90 1.05 0.91  1 -1 223	
 0 0.78 0.87 0 0.94 0.98 1.04 -2  1 157	
 3 0.77 0.85 0 1.01 0.93 0.97  2 -2 13	
 0 0.73 0.87 0 0.91 1.00 0.93 -1  0 231	
 0 0.78 0.91 0 1.08 1.08 0.92  3 -1 145	
 1 0.77 0.88 0 0.97 0.97 1.08 -1  1 62	
 1 0.75 0.92 0 1.05 0.92 0.94 -2 -2 348	
 2 0.79 0.89 0 0.92 0.96 0.93  0 -1 345	
 0 0.73 0.85 0 0.99 1.06 0.94  1  2 305	
 1 0.71 0.88 0 1.09 0.95 1.04  1 -1 247	
 2 0.15 0.13 0 1.04 0.99 0.95 -2  0 335	
 3 0.18 0.10 0 1.08 1.06 1.09  0 -2 115	
 3 0.18 0.14 0 1.03 0.98 1.05 -2  0 226	
 3 0.10 0.13 0 0.91 1.01 0.92  2  1 31	
 3 0.17 0.11 0 1.04 0.98 0.95 -1  2 88	
 2 0.15 0.09 0 1.02 1.05 1.10 -1  2 18	
 2 0.12 0.15 0 0.99 0.92 1.01 -1 -1 316	
 1 0.20 0.14 0 1.05 1.00 1.06 -2  0 128	
 2 0.14 0.11 0 1.04 1.09 0.92 -2  1 19	
 1 0.15 0.15 0 0.92 1.07 0.93  2  0 221	
 2 0.14 0.17 0 1.10 0.95 0.98 -1  1 359	
 1 0.11 0.10 0 1.06 0.98 0.96  1 -3 269	
 0 0.13 0.13 0 1.05 1.03 0.91  3  1 149	
 0 0.14 0.08 0 0.91 0.93 1.08 -2  3 179	
 0 0.12 0.09 0 1.08 0.96 0.95 -0  0 178	
 2 0.15 0.38 0 1.09 1.02 0.96  1 -0 133	
 3 0.11 0.39 0 1.02 0.94 1.00 -2 -0 10	
 2 0.16 0.36 0 1.01 1.04 0.97 -3  2 159	
 2 0.16 0.34 0 0.91 1.09 1.05 -3 -0 17	
 1 0.13 0.35 0 1.05 1.10 0.97  3  0 87	
 1 0.16 0.39 0 1.05 0.95 0.92  2 -2 215	
 1 0.14 0.40 0 1.03 1.07 0.96 -0  1 48	
 1 0.19 0.35 0 1.05 0.96 0.96 -1  2 252	
 1 0.18 0.37 0 0.96 0.95 1.09 -3 -1 157	
 2 0.12 0.37 0 1.00 0.95 1.10  2 -1 173	
 1 0.17 0.42 0 1.05 1.03 0.93 -2  2 12	
 2 0.15 0.42 0 1.08 1.08 1.00  3  0 91	
 2 0.18 0.39 0 0.93 0.97 0.98 -0 -1 20	
 1 0.20 0.38 0 0.95 1.00 1.05  2 -3 304	
 2 0.13 0.33 0 0.96 1.09 1.08 -2 -2 351	
 3 0.15 0.63 0 0.92 0.91 1.02 -2 -3 256	
 2 0.16 0.60 0 1.09 1.07 0.92  1  0  3	
 2 0.19 0.62 0 0.96 1.06 1.06 -1 -2 202	
 2 0.12 0.63 0 1.10 0.93 0.92  2 -1 20	
 2 0.16 0.66 0 0.94 0.95 0.91  2 -0 307	
 0 0.12 0.61 0 1.10 1.00 0.97  1  2 184	
 2 0.17 0.63 0 0.93 0.97 0.93 -2  1 207	
 0 0.18 0.59 0 1.06 1.00 1.01  2 -1 99	
 1 0.16 0.65 0 1.01 1.09 1.02  2  1 241	
 1 0.19 0.65 0 0.91 0.99 0.90  2  3 319	
 1 0.14 0.58 0 0.99 1.07 1.06 -0  3 90	
 2 0.14 0.67 0 1.05 1.09 1.00 -0 -1 333	
 1 0.17 0.65 0 1.05 1.10 1.00  2 -0 306	
 0 0.12 0.65 0 0.98 0.97 0.97 -0 -2 116	
 2 0.11 0.64 0 0.92 1.03 0.97  2  0 188	
 1 0.15 0.88 0 1.03 1.08 0.94 -1  0 311	
 2 0.15 0.84 0 0.96 1.01 1.01 -1 -0 320	
 2 0.14 0.86 0 0.98 0.91 0.97 -1 -3 253	
 1 0.11 0.88 0 0.91 0.98 1.05 -2 -2 293	
 1 0.12 0.90 0 0.94 1.05 0.91 -2  2 115	
 2 0.16 0.90 0 0.93 1.00 1.04  3 -2 103	
 1 0.14 0.90 0 0.95 1.00 0.94  3  1 270	
 2 0.17 0.92 0 0.99 0.96 1.04  2  1 294	
 2 0.17 0.87 0 1.02 1.05 1.00  3  2 299	
 0 0.13 0.88 0 1.01 0.98 0.92  2 -3 349	
 2 0.18 0.90 0 1.06 1.02 1.09  1  1 282	
 1 0.11 0.86 0 1.07 0.96 1.10  2  0 284	
 2 0.17 0.84 0 1.08 0.97 1.06 -1 -3 270	
 3 0.19 0.87 0 0.92 1.04 0.95  0 -0 295	
 3 0.13 0.83 0 1.03 1.04 1.09 -1 -1 300	
 2 0.45 0.13 0 0.97 0.98 0.97  1  0 137	
 1 0.46 0.08 0 0.97 1.01 1.00 -0  0 328	
 0 0.42 0.12 0 0.99 0.92 1.01 -1  0 316	
 2 0.43 0.11 0 0.99 1.07 1.03  0  2 84	
 3 0.47 0.14 0 0.96 0.93 0.97 -1 -1 91	
 0 0.49 0.12 0 0.97 1.08 0.96  1  1 252	
 1 0.43 0.14 0 1.06 1.10 1.07  1 -1 45	
 1 0.44 0.09 0 1.10 1.01 1.05 -2 -1 85	
 0 0.45 0.16 0 1.05 1.05 1.04  2 -2 325	
 2 0.45 0.10 0 1.07 1.04 1.06 -2 -0 183	
 2 0.47 0.11 0 0.96 1.00 1.04  0  3 24	
 3 0.49 0.10 0 0.93 0.92 1.09 -2  1 117	
 0 0.43 0.16 0 0.99 1.03 1.07 -2 -2 56	
 2 0.49 0.15 0 1.09 1.00 0.96  2  1 170	
 1 0.41 0.15 0 1.02 1.02 0.92  2 -2 84	
 1 0.45 0.38 0 1.07 1.09 0.98 -2 -1 265	
 1 0.46 0.34 0 1.00 0.94 1.09 -3  0 269	
 0 0.44 0.35 0 0.91 1.06 1.05 -0  0 80	
 2 0.49 0.39 0 1.10 0.91 0.98 -2  2 246	
 2 0.48 0.35 0 0.91 1.01 1.04 -0  1 30	
 2 0.44 0.33 0 0.98 0.92 0.98 -0  1 77	
 2 0.41 0.39 0 0.98 0.94 1.07 -1 -2 224	
 2 0.43 0.37 0 1.09 1.08 0.98  2 -1 222	
 0 0.43 0.39 0 0.97 1.07 1.02 -2  2 41	
 0 0.47 0.40 0 1.06 1.02 1.00  1  3 207	
 1 0.44 0.42 0 0.91 0.93 0.95 -1 -1 173	
 2 0.41 0.36 0 1.06 1.04 1.07 -2  1 297	
 0 0.47 0.37 0 1.03 0.94 0.95  2 -2 358	
 3 0.42 0.35 0 0.98 1.02 1.02 -1 -2 182	
 3 0.46 0.42 0 1.05 0.96 1.06  1 -1 309	
 2 0.45 0.63 0 0.98 1.05 1.08 -2  0 220	
 1 0.43 0.64 0 0.98 1.09 1.05 -3 -2 311	
 1 0.41 0.65 0 1.00 1.01 1.10  3 -2 35	
 1 0.45 0.58 0 1.03 1.09 1.03 -0 -1 358	
 3 0.43 0.60 0 0.98 0.96 1.09 -1  0  1	
 2 0.46 0.65 0 0.93 0.91 1.02 -0 -1 30	
 3 0.46 0.61 0 0.97 1.09 1.09 -1 -1 261	
 3 0.49 0.60 0 1.02 1.04 1.05 -2  2 222	
 1 0.49 0.63 0 1.03 0.96 1.00 -1 -1 13	
 3 0.43 0.62 0 1.07 0.94 0.98 -2 -1 234	
 2 0.45 0.60 0 0.93 1.07 1.03  2 -1 348	
 1 0.47 0.67 0 0.97 1.03 1.10  0 -1 14	
 1 0.41 0.62 0 0.93 1.06 1.00 -2  2 319	
 0 0.47 0.63 0 1.08 0.91 0.91 -2  2 229	
 2 0.49 0.66 0 1.05 0.91 1.05  3  1 136	
 1 0.45 0.88 0 0.93 0.98 1.08  1 -0 210	
 0 0.42 0.87 0 1.00 1.07 1.08 -2 -1 117	
 2 0.49 0.88 0 1.08 1.08 0.92  1 -1 107	
 3 0.48 0.91 0 0.94 0.92 1.01 -0 -2 91	
 3 0.45 0.90 0 1.04 0.98 1.03 -1 -1 285	
 2 0.44 0.86 0 0.97 0.97 0.93 -2  1 243	
 2 0.43 0.89 0 0.95 1.07 1.06  2 -0 128	
 3 0.46 0.86 0 0.99 1.01 1.04  2 -1 138	
 2 0.46 0.83 0 1.09 1.07 0.93  3  0 229	
 1 0.41 0.89 0 1.10 1.04 0.94 -2 -2 271	
 2 0.44 0.83 0 1.01 0.94 1.00  2  2 346	
 2 0.40 0.86 0 0.94 1.02 0.91  0 -2 178	
 2 0.49 0.85 0 0.97 0.93 1.08 -1  0 118	
 2 0.42 0.91 0 1.07 1.00 0.93  1  1 243	
 1 0.42 0.85 0 1.09 1.06 0.94 -1  2 62	
 1 0.75 0.13 0 0.98 0.92 0.98  3 -3 153	
 1 0.76 0.17 0 0.95 0.96 0.94  1  3 79	
 3 0.73 0.09 0 1.01 1.08 1.09 -3 -0 88	
 2 0.73 0.11 0 1.08 0.98 1.02  1 -2 334	
 0 0.78 0.15 0 1.04 0.98 0.92 -3  3 231	
 2 0.77 0.09 0 1.05 1.01 1.01 -2 -2 82	
 2 0.75 0.09 0 1.08 1.01 0.97  1  3 228	
 2 0.73 0.13 0 1.04 0.94 0.92  3 -0 217	
 1 0.71 0.10 0 0.99 1.05 1.03 -1  2 201	
 2 0.74 0.17 0 0.98 1.00 0.97  1 -2 156	
 1 0.71 0.14 0 1.05 1.09 1.00  2 -1 256	
 0 0.76 0.11 0 0.99 0.90 1.06  2 -2 314	
 2 0.79 0.12 0 0.94 0.96 1.05 -2 -2 65	
 1 0.77 0.12 0 1.01 1.01 1.06  0  2 21	
 3 0.76 0.15 0 1.05 1.05 0.93 -2 -1  1	
 2 0.75 0.38 0 1.03 1.04 1.03 -1 -2 179	
 1 0.76 0.39 0 1.01 0.93 1.08  1  2 226	
 1 0.72 0.40 0 1.06 1.01 0.95 -3 -1 209	
 2 0.80 0.38 0 0.95 0.94 0.93  1 -2 237	
 0 0.72 0.35 0 1.09 0.91 1.09 -2 -2 344	
 3 0.78 0.40 0 0.94 1.03 1.09 -1  0 310	
 2 0.77 0.35 0 0.91 0.91 1.00  3 -2 64	
 2 0.74 0.35 0 1.07 1.08 1.07  2  3  2	
 2 0.78 0.37 0 0.93 1.07 1.09  2  1 42	
 1 0.74 0.41 0 0.95 1.07 1.05 -2  2 140	
 1 0.73 0.38 0 0.95 1.03 1.06 -0  1 340	
 0 0.71 0.36 0 0.97 1.07 0.94  2 -1 42	
 2 0.74 0.33 0 1.08 1.00 1.07  2  1  9	
 2 0.77 0.42 0 0.95 0.94 1.00 -2  2 333	
 2 0.77 0.33 0 1.09 1.00 0.99 -1 -0 358	
 0 0.75 0.63 0 0.92 1.06 1.03  2  1 159	
 0 0.74 0.67 0 0.94 1.06 0.93 -3  0 259	
 1 0.77 0.61 0 0.93 1.01 0.92  2  3  5	
 1 0.74 0.61 0 1.03 0.91 0.94 -3  3 350	
 3 0.72 0.63 0 0.99 1.09 1.04 -3 -0 54	
 0 0.75 0.65 0 1.06 1.09 0.90  0  0 254	
 1 0.75 0.67 0 1.08 1.03 0.92  2  2 359	
 0 0.74 0.58 0 0.99 0.94 1.08 -1  2 290	
 3 0.79 0.61 0 0.94 1.05 0.91 -1  2 94	
 1 0.72 0.59 0 1.06 0.93 1.00  1  0 136	
 3 0.79 0.65 0 0.93 1.05 1.04 -3 -2 175	
 0 0.80 0.63 0 1.05 1.03 1.02 -3 -0 350	
 0 0.76 0.59 0 0.96 1.01 1.03 -0  0 154	
 2 0.71 0.62 0 1.02 0.99 0.97  3  3 34	
 0 0.77 0.63 0 1.06 1.02 1.08 -0  1 345	
 2 0.75 0.88 0 1.05 0.96 0.95 -2 -1 19	
 2 0.74 0.90 0 0.98 1.08 1.09 -1 -0 265	
 1 0.70 0.86 0 1.10 0.96 1.04  1 -2 223	
 0 0.71 0.90 0 0.94 0.91 1.08  0 -2 248	
 0 0.76 0.85 0 1.01 1.09 0.95  2 -2 148	
 2 0.75 0.83 0 1.09 1.02 0.91  3 -1 75	
 0 0.78 0.87 0 1.08 1.06 0.97 -1 -2 83	
 1 0.73 0.87 0 0.97 0.92 0.97  2  2 224	
 2 0.78 0.90 0 1.06 0.92 0.99  0 -0 232	
 0 0.77 0.84 0 1.02 1.07 1.00  1 -2 220	
 2 0.77 0.89 0 1.06 0.96 0.92 -0 -2 10	
 2 0.76 0.92 0 1.09 1.09 0.92 -1  2 303	
 3 0.79 0.85 0 1.00 1.05 0.91  1 -0 24	
 2 0.74 0.92 0 0.98 1.05 1.03 -1  1 48	
 3 0.72 0.84 0 0.99 0.99 0.99 -1 -1 122	
 2 0.15 0.13 0 1.04 0.99 0.95 -2  0 335	
 3 0.18 0.10 0 1.08 1.06 1.09  0 -2 115	
 3 0.18 0.14 0 1.03 0.98 1.05 -2  0 226	
 3 0.10 0.13 0 0.91 1.01 0.92  2  1 31	
 3 0.17 0.11 0 1.04 0.98 0.95 -1  2 88	
 2 0.15 0.09 0 1.02 1.05 1.10 -1  2 18	
 2 0.12 0.15 0 0.99 0.92 1.01 -1 -1 316	
 1 0.20 0.14 0 1.05 1.00 1.06 -2  0 128	
 2 0.14 0.11 0 1.04 1.09 0.92 -2  1 19	
 1 0.15 0.15 0 0.92 1.07 0.93  2  0 221	
 2 0.14 0.17 0 1.10 0.95 0.98 -1  1 359	
 1 0.11 0.10 0 1.06 0.98 0.96  1 -3 269	
 0 0.13 0.13 0 1.05 1.03 0.91  3  1 149	
 0 0.14 0.08 0 0.91 0.93 1.08 -2  3 179	
 0 0.12 0.09 0 1.08 0.96 0.95 -0  0 178	
 2 0.15 0.38 0 1.09 1.02 0.96  1 -0 133	
 3 0.11 0.39 0 1.02 0.94 1.00 -2 -0 10	
 2 0.16 0.36 0 1.01 1.04 0.97 -3  2 159	
 2 0.16 0.34 0 0.91 1.09 1.05 -3 -0 17	
 1 0.13 0.35 0 1.05 1.10 0.97  3  0 87	
 1 0.16 0.39 0 1.05 0.95 0.92  2 -2 215	
 1 0.14 0.40 0 1.03 1.07 0.96 -0  1 48	
 1 0.19 0.35 0 1.05 0.96 0.96 -1  2 252	
 1 0.18 0.37 0 0.96 0.95 1.09 -3 -1 157	
 2 0.12 0.37 0 1.00 0.95 1.10  2 -1 173	
 1 0.17 0.42 0 1.05 1.03 0.93 -2  2 12	
 2 0.15 0.42 0 1.08 1.08 1.00  3  0 91	
 2 0.18 0.39 0 0.93 0.97 0.98 -0 -1 20	
 1 0.20 0.38 0 0.95 1.00 1.05  2 -3 304	
 2 0.13 0.33 0 0.96 1.09 1.08 -2 -2 351	
 3 0.15 0.63 0 0.92 0.91 1.02 -2 -3 256	
 2 0.16 0.60 0 1.09 1.07 0.92  1  0  3	
 2 0.19 0.62 0 0.96 1.06 1.06 -1 -2 202	
 2 0.12 0.63 0 1.10 0.93 0.92  2 -1 20	
 2 0.16 0.66 0 0.94 0.95 0.91  2 -0 307	
 0 0.12 0.61 0 1.10 1.00 0.97  1  2 184	
 2 0.17 0.63 0 0.93 0.97 0.93 -2  1 207	
 0 0.18 0.59 0 1.06 1.00 1.01  2 -1 99	
 1 0.16 0.65 0 1.01 1.09 1.02  2  1 241	
 1 0.19 0.65 0 0.91 0.99 0.90  2  3 319	
 1 0.14 0.58 0 0.99 1.07 1.06 -0  3 90	
 2 0.14 0.67 0 1.05 1.09 1.00 -0 -1 333	
 1 0.17 0.65 0 1.05 1.10 1.00  2 -0 306	
 0 0.12 0.65 0 0.98 0.97 0.97 -0 -2 116	
 2 0.11 0.64 0 0.92 1.03 0.97  2  0 188	
 1 0.15 0.88 0 1.03 1.08 0.94 -1  0 311	
 2 0.15 0.84 0 0.96 1.01 1.01 -1 -0 320	
 2 0.14 0.86 0 0.98 0.91 0.97 -1 -3 253	
 1 0.11 0.88 0 0.91 0.98 1.05 -2 -2 293	
 1 0.12 0.90 0 0.94 1.05 0.91 -2  2 115	
 2 0.16 0.90 0 0.93 1.00 1.04  3 -2 103	
 1 0.14 0.90 0 0.95 1.00 0.94  3  1 270	
 2 0.17 0.92 0 0.99 0.96 1.04  2  1 294	
 2 0.17 0.87 0 1.02 1.05 1.00  3  2 299	
 0 0.13 0.88 0 1.01 0.98 0.92  2 -3 349	
 2 0.18 0.90 0 1.06 1.02 1.09  1  1 282	
 1 0.11 0.86 0 1.07 0.96 1.10  2  0 284	
 2 0.17 0.84 0 1.08 0.97 1.06 -1 -3 270	
 3 0.19 0.87 0 0.92 1.04 0.95  0 -0 295	
 3 0.13 0.83 0 1.03 1.04 1.09 -1 -1 300	
 2 0.45 0.13 0 0.97 0.98 0.97  1  0 137	
 1 0.46 0.08 0 0.97 1.01 1.00 -0  0 328	
 0 0.42 0.12 0 0.99 0.92 1.01 -1  0 316	
 2 0.43 0.11 0 0.99 1.07 1.03  0  2 84	
 3 0.47 0.14 0 0.96 0.93 0.97 -1 -1 91	
 0 0.49 0.12 0 0.97 1.08 0.96  1  1 252	
 1 0.43 0.14 0 1.06 1.10 1.07  1 -1 45	
 1 0.44 0.09 0 1.10 1.01 1.05 -2 -1 85	
 0 0.45 0.16 0 1.05 1.05 1.04  2 -2 325	
 2 0.45 0.10 0 1.07 1.04 1.06 -2 -0 183	
 2 0.47 0.11 0 0.96 1.00 1.04  0  3 24	
 3 0.49 0.10 0 0.93 0.92 1.09 -2  1 117	
 0 0.43 0.16 0 0.99 1.03 1.07 -2 -2 56	
 2 0.49 0.15 0 1.09 1.00 0.96  2  1 170	
 1 0.41 0.15 0 1.02 1.02 0.92  2 -2 84	
 1 0.45 0.38 0 1.07 1.09 0.98 -2 -1 265	
 1 0.46 0.34 0 1.00 0.94 1.09 -3  0 269	
 0 0.44 0.35 0 0.91 1.06 1.05 -0  0 80	
 2 0.49 0.39 0 1.10 0.91 0.98 -2  2 246	
 2 0.48 0.35 0 0.91 1.01 1.04 -0  1 30	
 2 0.44 0.33 0 0.98 0.92 0.98 -0  1 77	
 2 0.41 0.39 0 0.98 0.94 1.07 -1 -2 224	
 2 0.43 0.37 0 1.09 1.08 0.98  2 -1 222	
 0 0.43 0.39 0 0.97 1.07 1.02 -2  2 41	
 0 0.47 0.40 0 1.06 1.02 1.00  1  3 207	
 1 0.44 0.42 0 0.91 0.93 0.95 -1 -1 173	
 2 0.41 0.36 0 1.06 1.04 1.07 -2  1 297	
 0 0.47 0.37 0 1.03 0.94 0.95  2 -2 358	
 3 0.42 0.35 0 0.98 1.02 1.02 -1 -2 182	
 3 0.46 0.42 0 1.05 0.96 1.06  1 -1 309	
 2 0.45 0.63 0 0.98 1.05 1.08 -2  0 220	
 1 0.43 0.64 0 0.98 1.09 1.05 -3 -2 311	
 1 0.41 0.65 0 1.00 1.01 1.10  3 -2 35	
 1 0.45 0.58 0 1.03 1.09 1.03 -0 -1 358	
 3 0.43 0.60 0 0.98 0.96 1.09 -1  0  1	
 2 0.46 0.65 0 0.93 0.91 1.02 -0 -1 30	
 3 0.46 0.61 0 0.97 1.09 1.09 -1 -1 261	
 3 0.49 0.60 0 1.02 1.04 1.05 -2  2 222	
 1 0.49 0.63 0 1.03 0.96 1.00 -1 -1 13	
 3 0.43 0.62 0 1.07 0.94 0.98 -2 -1 234	
 2 0.45 0.60 0 0.93 1.07 1.03  2 -1 348	
 1 0.47 0.67 0 0.97 1.03 1.10  0 -1 14	
 1 0.41 0.62 0 0.93 1.06 1.00 -2  2 319	
 0 0.47 0.63 0 1.08 0.91 0.91 -2  2 229	
 2 0.49 0.66 0 1.05 0.91 1.05  3  1 136	
 1 0.45 0.88 0 0.93 0.98 1.08  1 -0 210	
 0 0.42 0.87 0 1.00 1.07 1.08 -2 -1 117	
 2 0.49 0.88 0 1.08 1.08 0.92  1 -1 107	
 3 0.48 0.91 0 0.94 0.92 1.01 -0 -2 91	
 3 0.45 0.90 0 1.04 0.98 1.03 -1 -1 285	
 2 0.44 0.86 0 0.97 0.97 0.93 -2  1 243	
 2 0.43 0.89 0 0.95 1.07 1.06  2 -0 128	
 3 0.46 0.86 0 0.99 1.01 1.04  2 -1 138	
 2 0.46 0.83 0 1.09 1.07 0.93  3  0 229	
 1 0.41 0.89 0 1.10 1.04 0.94 -2 -2 271	
 2 0.44 0.83 0 1.01 0.94 1.00  2  2 346	
 2 0.40 0.86 0 0.94 1.02 0.91  0 -2 178	
 2 0.49 0.85 0 0.97 0.93 1.08 -1  0 118	
 2 0.42 0.91 0 1.07 1.00 0.93  1  1 243	
 1 0.42 0.85 0 1.09 1.06 0.94 -1  2 62	
 1 0.75 0.13 0 0.98 0.92 0.98  3 -3 153	
 1 0.76 0.17 0 0.95 0.96 0.94  1  3 79	
 3 0.73 0.09 0 1.01 1.08 1.09 -3 -0 88	
 2 0.73 0.11 0 1.08 0.98 1.02  1 -2 334	
 0 0.78 0.15 0 1.04 0.98 0.92 -3  3 231	
 2 0.77 0.09 0 1.05 1.01 1.01 -2 -2 82	
 2 0.75 0.09 0 1.08 1.01 0.97  1  3 228	
 2 0.73 0.13 0 1.04 0.94 0.92  3 -0 217	
 1 0.71 0.10 0 0.99 1.05 1.03 -1  2 201	
 2 0.74 0.17 0 0.98 1.00 0.97  1 -2 156	
 1 0.71 0.14 0 1.05 1.09 1.00  2 -1 256	
 0 0.76 0.11 0 0.99 0.90 1.06  2 -2 314	
 2 0.79 0.12 0 0.94 0.96 1.05 -2 -2 65	
 1 0.77 0.12 0 1.01 1.01 1.06  0  2 21	
 3 0.76 0.15 0 1.05 1.05 0.93 -2 -1  1	
 2 0.75 0.38 0 1.03 1.04 1.03 -1 -2 179	
 1 0.76 0.39 0 1.01 0.93 1.08  1  2 226	
 1 0.72 0.40 0 1.06 1.01 0.95 -3 -1 209	
 2 0.80 0.38 0 0.95 0.94 0.93  1 -2 237	
 0 0.72 0.35 0 1.09 0.91 1.09 -2 -2 344	
 3 0.78 0.40 0 0.94 1.03 1.09 -1  0 310	
 2 0.77 0.35 0 0.91 0.91 1.00  3 -2 64	
 2 0.74 0.35 0 1.07 1.08 1.07  2  3  2	
 2 0.78 0.37 0 0.93 1.07 1.09  2  1 42	
 1 0.74 0.41 0 0.95 1.07 1.05 -2  2 140	
 1 0.73 0.38 0 0.95 1.03 1.06 -0  1 340	
 0 0.71 0.36 0 0.97 1.07 0.94  2 -1 42	
 2 0.74 0.33 0 1.08 1.00 1.07  2  1  9	
 2 0.77 0.42 0 0.95 0.94 1.00 -2  2 333	
 2 0.77 0.33 0 1.09 1.00 0.99 -1 -0 358	
 0 0.75 0.63 0 0.92 1.06 1.03  2  1 159	
 0 0.74 0.67 0 0.94 1.06 0.93 -3  0 259	
 1 0.77 0.61 0 0.93 1.01 0.92  2  3  5	
 1 0.74 0.61 0 1.03 0.91 0.94 -3  3 350	
 3 0.72 0.63 0 0.99 1.09 1.04 -3 -0 54	
 0 0.75 0.65 0 1.06 1.09 0.90  0  0 254	
 1 0.75 0.67 0 1.08 1.03 0.92  2  2 359	
 0 0.74 0.58 0 0.99 0.94 1.08 -1  2 290	
 3 0.79 0.61 0 0.94 1.05 0.91 -1  2 94	
 1 0.72 0.59 0 1.06 0.93 1.00  1  0 136	
 3 0.79 0.65 0 0.93 1.05 1.04 -3 -2 175	
 0 0.80 0.63 0 1.05 1.03 1.02 -3 -0 350	
 0 0.76 0.59 0 0.96 1.01 1.03 -0  0 154	
 2 0.71 0.62 0 1.02 0.99 0.97  3  3 34	
 0 0.77 0.63 0 1.06 1.02 1.08 -0  1 345	
 2 0.75 0.88 0 1.05 0.96 0.95 -2 -1 19	
 2 0.74 0.90 0 0.98 1.08 1.09 -1 -0 265	
 1 0.70 0.86 0 1.10 0.96 1.04  1 -2 223	
 0 0.71 0.90 0 0.94 0.91 1.08  0 -2 248	
 0 0.76 0.85 0 1.01 1.09 0.95  2 -2 148	
 2 0.75 0.83 0 1.09 1.02 0.91  3 -1 75	
 0 0.78 0.87 0 1.08 1.06 0.97 -1 -2 83	
 1 0.73 0.87 0 0.97 0.92 0.97  2  2 224	
 2 0.78 0.90 0 1.06 0.92 0.99  0 -0 232	
 0 0.77 0.84 0 1.02 1.07 1.00  1 -2 220	
 2 0.77 0.89 0 1.06 0.96 0.92 -0 -2 10	
 2 0.76 0.92 0 1.09 1.09 0.92 -1  2 303	
 3 0.79 0.85 0 1.00 1.05 0.91  1 -0 24	
 2 0.74 0.92 0 0.98 1.05 1.03 -1  1 48	
 3 0.72 0.84 0 0.99 0.99 0.99 -1 -1 122	
 2 0.15 0.13 0 1.04 0.99 0.95 -2  0 335	
 3 0.18 0.10 0 1.08 1.06 1.09  0 -2 115	
 3 0.18 0.14 0 1.03 0.98 1.05 -2  0 226	
 3 0.10 0.13 0 0.91 1.01 0.92  2  1 31	
 3 0.17 0.11 0 1.04 0.98 0.95 -1  2 88	
 2 0.15 0.09 0 1.02 1.05 1.10 -1  2 18	
 2 0.12 0.15 0 0.99 0.92 1.01 -1 -1 316	
 1 0.20 0.14 0 1.05 1.00 1.06 -2  0 128	
 2 0.14 0.11 0 1.04 1.09 0.92 -2  1 19	
 1 0.15 0.15 0 0.92 1.07 0.93  2  0 221	
 2 0.14 0.17 0 1.10 0.95 0.98 -1  1 359	
 1 0.11 0.10 0 1.06 0.98 0.96  1 -3 269	
 0 0.13 0.13 0 1.05 1.03 0.91  3  1 149	
 0 0.14 0.08 0 0.91 0.93 1.08 -2  3 179	
 0 0.12 0.09 0 1.08 0.96 0.95 -0  0 178	
 2 0.15 0.38 0 1.09 1.02 0.96  1 -0 133	
 3 0.11 0.39 0 1.02 0.94 1.00 -2 -0 10	
 2 0.16 0.36 0 1.01 1.04 0.97 -3  2 159	
 2 0.16 0.34 0 0.91 1.09 1.05 -3 -0 17	
 1 0.13 0.35 0 1.05 1.10 0.97  3  0 87	
 1 0.16 0.39 0 1.05 0.95 0.92  2 -2 215	
 1 0.14 0.40 0 1.03 1.07 0.96 -0  1 48	
 1 0.19 0.35 0 1.05 0.96 0.96 -1  2 252	
 1 0.18 0.37 0 0.96 0.95 1.09 -3 -1 157	
 2 0.12 0.37 0 1.00 0.95 1.10  2 -1 173	
 1 0.17 0.42 0 1.05 1.03 0.93 -2  2 12	
 2 0.15 0.42 0 1.08 1.08 1.00  3  0 91	
 2 0.18 0.39 0 0.93 0.97 0.98 -0 -1 20	
 1 0.20 0.38 0 0.95 1.00 1.05  2 -3 304	
 2 0.13 0.33 0 0.96 1.09 1.08 -2 -2 351	
 3 0.15 0.63 0 0.92 0.91 1.02 -2 -3 256	
 2 0.16 0.60 0 1.09 1.07 0.92  1  0  3	
 2 0.19 0.62 0 0.96 1.06 1.06 -1 -2 202	
 2 0.12 0.63 0 1.10 0.93 0.92  2 -1 20	
 2 0.16 0.66 0 0.94 0.95 0.91  2 -0 307	
 0 0.12 0.61 0 1.10 1.00 0.97  1  2 184	
 2 0.17 0.63 0 0.93 0.97 0.93 -2  1 207	
 0 0.18 0.59 0 1.06 1.00 1.01  2 -1 99	
 1 0.16 0.65 0 1.01 1.09 1.02  2  1 241	
 1 0.19 0.65 0 0.91 0.99 0.90  2  3 319	
 1 0.14 0.58 0 0.99 1.07 1.06 -0  3 90	
 2 0.14 0.67 0 1.05 1.09 1.00 -0 -1 333	
 1 0.17 0.65 0 1.05 1.10 1.00  2 -0 306	
 0 0.12 0.65 0 0.98 0.97 0.97 -0 -2 116	
 2 0.11 0.64 0 0.92 1.03 0.97  2  0 188	
 1 0.15 0.88 0 1.03 1.08 0.94 -1  0 311	
 2 0.15 0.84 0 0.96 1.01 1.01 -1 -0 320	
 2 0.14 0.86 0 0.98 0.91 0.97 -1 -3 253	
 1 0.11 0.88 0 0.91 0.98 1.05 -2 -2 293	
 1 0.12 0.90 0 0.94 1.05 0.91 -2  2 115	
 2 0.16 0.90 0 0.93 1.00 1.04  3 -2 103	
 1 0.14 0.90 0 0.95 1.00 0.94  3  1 270	
 2 0.17 0.92 0 0.99 0.96 1.04  2  1 294	
 2 0.17 0.87 0 1.02 1.05 1.00  3  2 299	
 0 0.13 0.88 0 1.01 0.98 0.92  2 -3 349	
 2 0.18 0.90 0 1.06 1.02 1.09  1  1 282	
 1 0.11 0.86 0 1.07 0.96 1.10  2  0 284	
 2 0.17 0.84 0 1.08 0.97 1.06 -1 -3 270	
 3 0.19 0.87 0 0.92 1.04 0.95  0 -0 295	
 3 0.13 0.83 0 1.03 1.04 1.09 -1 -1 300	
 2 0.45 0.13 0 0.97 0.98 0.97  1  0 137	
 1 0.46 0.08 0 0.97 1.01 1.00 -0  0 328	
 0 0.42 0.12 0 0.99 0.92 1.01 -1  0 316	
 2 0.43 0.11 0 0.99 1.07 1.03  0  2 84	
 3 0.47 0.14 0 0.96 0.93 0.97 -1 -1 91	
 0 0.49 0.12 0 0.97 1.08 0.96  1  1 252	
 1 0.43 0.14 0 1.06 1.10 1.07  1 -1 45	
 1 0.44 0.09 0 1.10 1.01 1.05 -2 -1 85	
 0 0.45 0.16 0 1.05 1.05 1.04  2 -2 325	
 2 0.45 0.10 0 1.07 1.04 1.06 -2 -0 183	
 2 0.47 0.11 0 0.96 1.00 1.04  0  3 24	
 3 0.49 0.10 0 0.93 0.92 1.09 -2  1 117	
 0 0.43 0.16 0 0.99 1.03 1.07 -2 -2 56	
 2 0.49 0.15 0 1.09 1.00 0.96  2  1 170	
 1 0.41 0.15 0 1.02 1.02 0.92  2 -2 84	
 1 0.45 0.38 0 1.07 1.09 0.98 -2 -1 265	
 1 0.46 0.34 0 1.00 0.94 1.09 -3  0 269	
 0 0.44 0.35 0 0.91 1.06 1.05 -0  0 80	
 2 0.49 0.39 0 1.10 0.91 0.98 -2  2 246	
 2 0.48 0.35 0 0.91 1.01 1.04 -0  1 30	
 2 0.44 0.33 0 0.98 0.92 0.98 -0  1 77	
 2 0.41 0.39 0 0.98 0.94 1.07 -1 -2 224	
 2 0.43 0.37 0 1.09 1.08 0.98  2 -1 222	
 0 0.43 0.39 0 0.97 1.07 1.02 -2  2 41	
 0 0.47 0.40 0 1.06 1.02 1.00  1  3 207	
 1 0.44 0.42 0 0.91 0.93 0.95 -1 -1 173	
 2 0.41 0.36 0 1.06 1.04 1.07 -2  1 297	
 0 0.47 0.37 0 1.03 0.94 0.95  2 -2 358	
 3 0.42 0.35 0 0.98 1.02 1.02 -1 -2 182	
 3 0.46 0.42 0 1.05 0.96 1.06  1 -1 309	
 2 0.45 0.63 0 0.98 1.05 1.08 -2  0 220	
 1 0.43 0.64 0 0.98 1.09 1.05 -3 -2 311	
 1 0.41 0.65 0 1.00 1.01 1.10  3 -2 35	
 1 0.45 0.58 0 1.03 1.09 1.03 -0 -1 358	
 3 0.43 0.60 0 0.98 0.96 1.09 -1  0  1	
 2 0.46 0.65 0 0.93 0.91 1.02 -0 -1 30	
 3 0.46 0.61 0 0.97 1.09 1.09 -1 -1 261	
 3 0.49 0.60 0 1.02 1.04 1.05 -2  2 222	
 1 0.49 0.63 0 1.03 0.96 1.00 -1 -1 13	
 3 0.43 0.62 0 1.07 0.94 0.98 -2 -1 234	
 2 0.45 0.60 0 0.93 1.07 1.03  2 -1 348	
 1 0.47 0.67 0 0.97 1.03 1.10  0 -1 14	
 1 0.41 0.62 0 0.93 1.06 1.00 -2  2 319	
 0 0.47 0.63 0 1.08 0.91 0.91 -2  2 229	
 2 0.49 0.66 0 1.05 0.91 1.05  3  1 136	
 1 0.45 0.88 0 0.93 0.98 1.08  1 -0 210	
 0 0.42 0.87 0 1.00 1.07 1.08 -2 -1 117	
 2 0.49 0.88 0 1.08 1.08 0.92  1 -1 107	
 3 0.48 0.91 0 0.94 0.92 1.01 -0 -2 91	
 3 0.45 0.90 0 1.04 0.98 1.03 -1 -1 285	
 2 0.44 0.86 0 0.97 0.97 0.93 -2  1 243	
 2 0.43 0.89 0 0.95 1.07 1.06  2 -0 128	
 3 0.46 0.86 0 0.99 1.01 1.04  2 -1 138	
 2 0.46 0.83 0 1.09 1.07 0.93  3  0 229	
 1 0.41 0.89 0 1.10 1.04 0.94 -2 -2 271	
 2 0.44 0.83 0 1.01 0.94 1.00  2  2 346	
 2 0.40 0.86 0 0.94 1.02 0.91  0 -2 178	
 2 0.49 0.85 0 0.97 0.93 1.08 -1  0 118	
 2 0.42 0.91 0 1.07 1.00 0.93  1  1 243	
 1 0.42 0.85 0 1.09 1.06 0.94 -1  2 62	
 1 0.75 0.13 0 0.98 0.92 0.98  3 -3 153	
 1 0.76 0.17 0 0.95 0.96 0.94  1  3 79	
 3 0.73 0.09 0 1.01 1.08 1.09 -3 -0 88	
 2 0.73 0.11 0 1.08 0.98 1.02  1 -2 334	
 0 0.78 0.15 0 1.04 0.98 0.92 -3  3 231	
 2 0.77 0.09 0 1.05 1.01 1.01 -2 -2 82	
 2 0.75 0.09 0 1.08 1.01 0.97  1  3 228	
 2 0.73 0.13 0 1.04 0.94 0.92  3 -0 217	
 1 0.71 0.10 0 0.99 1.05 1.03 -1  2 201	
 2 0.74 0.17 0 0.98 1.00 0.97  1 -2 156	
 1 0.71 0.14 0 1.05 1.09 1.00  2 -1 256	
 0 0.76 0.11 0 0.99 0.90 1.06  2 -2 314	
 2 0.79 0.12 0 0.94 0.96 1.05 -2 -2 65	
 1 0.77 0.12 0 1.01 1.01 1.06  0  2 21	
 3 0.76 0.15 0 1.05 1.05 0.93 -2 -1  1	
 2 0.75 0.38 0 1.03 1.04 1.03 -1 -2 179	
 1 0.76 0.39 0 1.01 0.93 1.08  1  2 226	
 1 0.72 0.40 0 1.06 1.01 0.95 -3 -1 209	
 2 0.80 0.38 0 0.95 0.94 0.93  1 -2 237	
 0 0.72 0.35 0 1.09 0.91 1.09 -2 -2 344	
 3 0.78 0.40 0 0.94 1.03 1.09 -1  0 310	
 2 0.77 0.35 0 0.91 0.91 1.00  3 -2 64	
 2 0.74 0.35 0 1.07 1.08 1.07  2  3  2	
 2 0.78 0.37 0 0.93 1.07 1.09  2  1 42	
 1 0.74 0.41 0 0.95 1.07 1.05 -2  2 140	
 1 0.73 0.38 0 0.95 1.03 1.06 -0  1 340	
 0 0.71 0.36 0 0.97 1.07 0.94  2 -1 42	
 2 0.74 0.33 0 1.08 1.00 1.07  2  1  9	
 2 0.77 0.42 0 0.95 0.94 1.00 -2  2 333	
 2 0.77 0.33 0 1.09 1.00 0.99 -1 -0 358	
 0 0.75 0.63 0 0.92 1.06 1.03  2  1 159	
 0 0.74 0.67 0 0.94 1.06 0.93 -3  0 259	
 1 0.77 0.61 0 0.93 1.01 0.92  2  3  5	
 1 0.74 0.61 0 1.03 0.91 0.94 -3  3 350	
 3 0.72 0.63 0 0.99 1.09 1.04 -3 -0 54	
 0 0.75 0.65 0 1.06 1.09 0.90  0  0 254	
 1 0.75 0.67 0 1.08 1.03 0.92  2  2 359	
 0 0.74 0.58 0 0.99 0.94 1.08 -1  2 290	
 3 0.79 0.61 0 0.94 1.05 0.91 -1  2 94	
 1 0.72 0.59 0 1.06 0.93 1.00  1  0 136	
 3 0.79 0.65 0 0.93 1.05 1.04 -3 -2 175	
 0 0.80 0.63 0 1.05 1.03 1.02 -3 -0 350	
 0 0.76 0.59 0 0.96 1.01 1.03 -0  0 154	
 2 0.71 0.62 0 1.02 0.99 0.97  3  3 34	
 0 0.77 0.63 0 1.06 1.02 1.08 -0  1 345	
 2 0.75 0.88 0 1.05 0.96 0.95 -2 -1 19	
 2 0.74 0.90 0 0.98 1.08 1.09 -1 -0 265	
 1 0.70 0.86 0 1.10 0.96 1.04  1 -2 223	
 0 0.71 0.90 0 0.94 0.91 1.08  0 -2 248	
 0 0.76 0.85 0 1.01 1.09 0.95  2 -2 148	
 2 0.75 0.83 0 1.09 1.02 0.91  3 -1 75	
 0 0.78 0.87 0 1.08 1.06 0.97 -1 -2 83	
 1 0.73 0.87 0 0.97 0.92 0.97  2  2 224	
 2 0.78 0.90 0 1.06 0.92 0.99  0 -0 232	
 0 0.77 0.84 0 1.02 1.07 1.00  1 -2 220	
 2 0.77 0.89 0 1.06 0.96 0.92 -0 -2 10	
 2 0.76 0.92 0 1.09 1.09 0.92 -1  2 303	
 3 0.79 0.85 0 1.00 1.05 0.91  1 -0 24	
 2 0.74 0.92 0 0.98 1.05 1.03 -1  1 48	
 3 0.72 0.84 0 0.99 0.99 0.99 -1 -1 122	
